1060 1632 2406 2584 5516 13832
1414 -3058 1164 1864 4256 14564
1651 -6215 -1117 1596 3868 16028
7669 -8044 -1287 2900 2136 14112
12162 -11654 -1812 6552 7444 9016
3245 -2512 -2405 14568 14156 8756
-6348 13361 4847 7988 18248 15228
-1091 15800 -1583 16736 -13308 26376
29818 13787 -23074 3612 -13984 9376
32767 11396 -23654 -16880 10060 -9388
19929 2664 -5251 -19640 20520 -13268
-13214 -8957 17604 -21480 28272 -12116
-32768 -20573 32767 -14712 17252 -7576
-31827 -17528 23434 17500 -21784 19612
12551 -209 -7259 32767 -27588 28320
32767 18750 -32768 17716 -840 1032
32767 27908 -32768 -13532 13852 -17872
9389 16993 -18004 -29852 32767 -22784
-29044 -1035 15500 -32768 22924 -18056
-32768 -22579 32227 -29180 11124 -8872
-32768 -32768 21792 8680 -30712 12368
13246 -24996 -9682 32767 -32768 24584
32767 3026 -25270 23128 -644 -2300
32767 23626 -30120 228 20072 -23920
15253 30227 -30416 -12416 32767 -32036
-32768 21709 -2310 -21952 32767 -16716
-32768 -4175 8851 -30276 3804 -1584
-32768 -32768 6787 -18956 -12252 7372
4423 -32768 -9751 21088 -24876 9040
32767 2400 -13466 32767 8324 -5876
32044 32767 -28981 9876 28100 -32768
-13683 32767 -18236 -32512 32767 -10820
-32768 -2940 5573 -32768 -4728 4900
-15459 -32768 2154 -31804 -10744 -792
20506 -32768 694 9648 -17548 -9496
32767 -6972 1541 32767 18500 -21156
13872 32767 -12390 16264 32767 -32768
-32768 32767 -6589 -30988 32767 -4024
-32768 -14157 1250 -32768 -12804 12960
-207 -32768 -17444 -7372 -14892 584
32767 -30497 -6240 18700 832 -12024
26579 22915 1821 32767 32767 -23080
-10251 32767 -2546 -528 32767 -23328
-32768 23299 -4551 -32768 28464 6108
-32768 -22569 -10207 -22568 -19008 13524
11109 -32768 -23570 -2088 -12928 6800
32767 -19800 -4692 17004 2284 -9584
32767 26873 1930 32767 32767 -24652
3582 32767 -12025 2032 32767 -26508
-32768 26358 -18823 -32512 32767 -96
-32768 -17860 -15641 -31288 -9240 2740
-13172 -32768 -26723 -4940 -17136 5260
32767 -23476 -5687 7264 -6052 -1008
32767 14561 15468 30056 32767 -8240
17628 32767 10234 13028 32767 -18196
-14469 32767 -4266 -13000 32767 -9368
-32768 3241 -9372 -32768 12456 4684
-26075 -32768 -18382 -19340 -13136 8568
15189 -32768 -14753 1944 -12148 4156
32767 -11025 2809 32767 14472 -13888
32767 32767 -205 20676 32767 -28644
-7056 32767 -11288 -9788 32767 -19272
-32768 9587 -10269 -26516 21780 -2804
-32768 -14830 -14319 -9948 -7268 848
-18448 -32768 -19265 -14000 -2996 13416
11554 -32768 -3396 8220 -6308 10708
32767 -4508 6907 32724 604 -3780
32767 32751 18 26948 19332 -23148
16023 32767 -19870 -5928 32767 -18712
-32768 11908 -16750 -29360 32767 -3272
-32768 -22379 -11409 -21252 -6508 -1092
-14249 -32768 -15097 -6720 -15464 8728
32767 -27211 -779 16976 -7432 4524
32767 15041 8156 32767 16044 -9940
32618 32767 -1991 15236 29080 -25220
-5201 32767 -16464 -11972 32767 -19148
-32768 9612 -12530 -32672 20588 -11172
-32768 -19314 -7169 -16676 -2688 -3236
-32233 -32768 -6709 3352 -3504 13908
-4822 -15747 1781 32767 -23148 28972
32767 28030 -21129 26132 -23572 -10276
32767 32767 -32715 -20468 12312 -29316
27088 22121 -9958 -32768 32767 -26844
-20118 -858 18010 -32768 31436 -18368
-32768 -20643 27006 -30980 18124 -17632
-32768 -29336 25057 3228 -2180 -6744
-15229 -7706 4026 32767 -32768 22844
32767 19309 -27924 14340 -11388 3004
32767 28301 -32768 -15692 11608 -17556
17855 12633 -9966 -32768 32767 -23056
-30345 -21259 29850 -32768 25436 -9412
-32768 -32768 32767 -20172 -17484 -7380
5391 -32768 10827 23544 -27276 -6044
32767 -22153 -9554 32767 308 -11760
32767 21802 -20829 22812 32767 -30012
-8070 32767 -19022 -6428 32767 -26944
-32768 25749 1474 -15864 28640 -14688
-32768 4868 7569 -11992 -1592 3212
-31617 -6747 3443 -7648 -7036 15456
-5439 -30406 -8664 -4572 -9660 17672
21900 -32768 -10353 15276 -5672 3044
32767 -4781 -12657 31276 12248 -12576
30374 29876 -22950 14272 30092 -24524
-7376 30325 -19240 -8064 32767 -15120
-32768 14202 -4152 -26128 22216 -5360
-32768 -19977 6401 -32768 -1024 13212
-11689 -32768 740 -2224 -15928 11748
29147 -32768 -8063 27240 -12784 -3404
32767 8737 -17164 32767 21336 -26192
13061 32767 -26203 1200 32767 -32532
-32768 32767 -11676 -12284 32767 -19936
-32768 13488 -687 -30272 7488 -1620
-32768 -25377 658 -25672 -22500 15232
10840 -32768 -17000 1500 -18620 7192
32767 -27750 -15146 25924 -5072 -15460
32767 16375 -15373 23408 32767 -31864
-5865 32767 -17370 -204 32767 -30032
-32768 32767 -3412 -23576 29120 -13824
-32768 -10689 6207 -32768 -13700 13736
-7480 -32768 -8722 -6908 -24664 14928
32767 -32768 -12610 17416 -13888 -7328
32767 1075 -11942 27304 26912 -27872
15671 32767 -15416 7020 32767 -32768
-31262 32767 -10281 -5436 31148 -22292
-32768 20015 -7146 -32768 14872 -28
-31898 -32203 -490 -32768 -30272 20884
28892 -32768 -14327 -28 -24688 -4708
32767 -16846 -8671 32767 30016 -32768
18546 30851 -15622 11004 32767 -32768
-32336 32767 -12877 -4060 32372 -27212
-32768 20347 -3773 -30200 18124 -2248
-32768 -21009 4046 -32544 -20872 19648
11525 -32768 -10154 -4932 -23248 8816
32767 -32768 -9220 32767 -6664 -23332
32767 18572 -20610 19000 32767 -32768
-13201 32767 -23845 -776 32767 -32768
-32768 32767 -7531 -15480 28324 -20468
-32768 2562 -3096 -32768 -13180 10176
-10941 -31358 -13360 -12452 -26264 18104
32767 -32768 -12393 6384 -14848 -6680
32767 -2924 -3425 30796 22276 -30676
14354 32767 -11917 7436 32767 -32768
-32768 32767 -8423 -8680 32767 -22696
-32768 7171 -6171 -30860 -5236 -4108
-32768 -22256 -14386 -15864 -16168 14712
-1171 -32768 -13783 -7168 -7604 8004
30791 -29720 586 24380 -408 -1492
32767 15848 1180 26708 23612 -7180
9190 32767 -8379 25040 32767 -8256
-17271 32767 -13997 -8868 11448 19128
18533 11638 -25389 -8572 -27248 2336
32767 10978 -32768 -19244 -792 -23320
12997 6225 1217 -32768 32767 -28796
-32768 -11565 32767 -32768 23620 -19244
-32768 -32768 32767 -20340 3388 -8700
-32768 -32768 19686 32767 -32768 11108
32767 4731 -22802 32767 -32736 12664
32767 29424 -32768 -12080 3444 -25012
32767 9873 -19667 -32768 32767 -27852
-19599 -12957 32767 -32768 32767 -10168
-32768 -32768 32767 -9084 -3096 -6772
-10173 -20041 14801 32767 -16812 -1492
27397 28742 -23576 32664 -860 -18632
18478 32767 -32768 -18476 32767 -22240
-32768 12650 -5789 -32768 32767 -2940
-32768 -32768 13232 -32768 -5460 2940
-13078 -32768 5964 5720 -26772 -8700
32767 -24307 -8317 32767 -7740 -12324
32767 32447 -15434 32724 24920 -29544
-32768 7423 -2365 -32768 30260 2268
-32768 -32768 6060 -21632 -10440 -200
7795 -32768 -3443 32376 -25356 -14176
32767 30332 -4641 32767 28116 -26908
-32768 17138 -5563 -32768 32604 9424
-32768 -32768 -11238 -18512 -18036 -1656
2579 -32768 -12215 10124 -10312 -772
32767 -5373 7265 26156 18440 -1552
26431 26089 9952 23156 22200 -8296
-1422 32767 -3421 4808 32767 1284
-32768 10755 -14590 -17800 9092 8540
-32513 -24582 -19554 -21828 924 9016
-14190 -32768 -14978 -2964 -2792 7680
23561 -32768 -636 11028 -3656 2888
32767 -9330 8214 22992 12308 -284
32767 27640 3514 32767 13060 -11308
28388 32767 -13690 14240 17508 -18660
9509 32767 -29075 -17568 24844 -104
-11147 -9027 -17861 -32768 27016 2344
-32768 -32768 3013 -24892 26480 -9604
-32768 -32768 9620 2348 -10488 -15768
9586 -32768 1708 28216 -19908 -1788
32767 6102 4257 32767 -1628 -11512
32767 32767 -12490 30372 17616 -30420
19617 32767 -31185 -17936 32767 -3312
-21256 -15554 -19474 -31568 26420 3884
-25222 -32768 -9195 -7172 3120 -7696
17533 -13183 -5440 25648 -10916 -6884
32670 32767 -6567 32767 28444 -25292
-2398 32767 -6069 -15604 32767 -5404
-32768 1018 9412 -31172 20088 -9156
-32768 -21656 4927 -11320 3928 -13668
-32768 -23036 4794 3136 7212 -4428
-22425 -20187 13397 14600 -6388 14320
12202 -7134 698 32767 -32768 24520
32767 15709 -32768 13244 -18852 -10772
32767 28321 -32768 -21916 2544 -32768
9637 13048 -13126 -32768 32767 -29608
-32768 1973 30654 -27140 27548 -21240
-32768 -13961 31799 -14784 2116 -11824
-32768 -21423 26155 13352 -26740 1884
4023 -11482 -10021 32767 -32768 28800
32767 9294 -32768 17544 -13204 1880
32767 20926 -32768 -9052 -424 -25972
32767 11092 -24877 -32768 32767 -32768
-28193 -1024 28194 -29488 32767 -18684
-32768 -20430 32767 -25468 7220 -8372
-32768 -32768 28431 13076 -32768 712
17667 -32768 -13834 32767 -24740 7288
32767 -2345 -32768 27704 12892 -15512
26008 28379 -32768 3992 27800 -32768
-22313 30805 -21925 -13372 32767 -31724
-32768 19381 6872 -29060 23796 -11684
-32768 -26655 17066 -32768 -18508 9172
-14520 -32768 -766 9816 -30376 -3328
32767 -24411 -13350 32767 -340 -12104
26659 22191 -14749 25440 28768 -14616
4126 26129 -14855 -7884 32767 -4820
-16751 10788 2434 -6004 26884 1432
-22179 7523 10643 -816 14492 1692
-20660 8509 11337 -264 10796 3500
-18579 4045 9465 476 11676 7376
-17816 -1428 6325 4804 10348 10404
-14061 -2672 4223 7396 3616 11780
-7371 -2982 1243 6944 3984 13096
-2501 -1050 -341 6500 1552 10828
-2337 -298 -125 6732 8012 12768
-3149 -388 -230 8144 6036 12428
-1037 445 567 6968 4408 12212
828 1052 -645 7352 4204 11888
1807 725 -3313 4912 5464 13024
2149 -139 -3644 5884 7712 10944
1391 559 -3339 5364 8964 10952
-2370 352 -512 5656 10132 11240
-3828 1496 890 7668 9196 10732
-4824 4871 1920 8512 8780 10028
-6127 9381 3336 6260 9376 10324
-7683 12216 1604 2428 6184 13812
-5274 -479 4839 -12300 3772 18212
