-865 117 120 -4124 3664 -17544
-886 82 159 -4188 3688 -17488
-851 99 152 -4168 3692 -17468
-841 96 127 -4188 3660 -17528
-899 88 165 -4072 3720 -17212
-885 113 146 -4124 3648 -17432
-889 117 143 -3896 3748 -17460
-885 99 160 -4164 3676 -17512
-878 111 128 -4068 3740 -17436
-878 85 140 -4116 3708 -17300
-875 85 147 -4336 3624 -17516
-904 115 156 -4176 3720 -17512
-860 93 147 -4056 3684 -17548
-875 83 130 -4060 3800 -17408
-864 83 156 -4136 3724 -17464
-885 95 142 -4176 3716 -17552
-868 108 122 -4184 3684 -17456
-865 101 154 -4164 3640 -17396
-869 103 125 -4140 3788 -17436
-882 102 118 -4128 3788 -17576
-889 89 126 -4148 3676 -17520
-867 102 173 -4024 3700 -17628
-866 73 135 -4080 3676 -17468
-877 129 149 -4104 3748 -17392
-855 93 145 -4100 3688 -17420
-857 65 139 -4064 3708 -17528
-873 114 147 -4052 3700 -17496
-839 81 148 -4008 3728 -17340
-849 94 156 -4112 3624 -17572
-866 94 132 -4172 3628 -17516
-875 94 137 -4176 3672 -17476
-869 91 139 -4064 3652 -17408
-876 120 130 -4208 3652 -17368
-889 96 150 -4148 3664 -17316
-875 112 148 -4132 3660 -17396
-891 98 124 -4092 3732 -17416
-846 73 121 -4120 3744 -17564
-887 112 133 -4056 3700 -17412
-865 92 138 -4196 3632 -17560
-892 110 127 -4160 3596 -17472
-884 104 135 -4196 3716 -17400
-856 115 149 -4072 3724 -17428
-885 85 141 -4056 3784 -17384
-870 110 146 -4116 3636 -17552
-875 98 133 -4168 3740 -17400
-875 97 157 -4280 3772 -17400
-849 94 125 -4156 3668 -17156
-861 96 147 -4120 3708 -17364
-862 72 142 -3884 3676 -17476
-887 96 126 -3920 3732 -17484
-861 113 134 -4080 3636 -17496
-863 107 135 -4116 3704 -17500
-889 88 129 -4008 3772 -17700
-889 100 139 -4096 3724 -17548
-881 94 135 -4004 3720 -17452
-897 105 129 -4112 3684 -17548
-883 83 142 -4120 3800 -17400
-880 105 138 -3888 3752 -17540
-874 95 138 -4072 3696 -17604
-870 80 153 -4120 3744 -17492
-874 85 124 -4168 3684 -17420
-886 94 107 -4088 3724 -17560
-899 98 125 -4168 3752 -17564
-843 99 131 -4176 3736 -17512
-885 81 149 -4140 3656 -17332
-855 103 124 -4044 3680 -17364
-869 83 151 -4260 3664 -17540
-863 97 146 -4136 3652 -17516
-852 100 135 -4192 3748 -17592
-876 78 139 -4152 3712 -17392
-867 77 133 -4340 3784 -17536
-869 77 127 -4172 3700 -17516
-869 127 146 -4108 3636 -17452
-838 88 164 -3864 3712 -17532
-865 96 132 -4036 3692 -17464
-870 90 164 -4140 3636 -17432
-869 97 132 -4152 3604 -17392
-882 91 129 -4348 3744 -17216
-868 103 139 -4128 3712 -17516
-868 94 120 -4316 3680 -17404
-866 113 140 -4204 3696 -17664
-871 109 108 -4136 3568 -17532
-868 101 147 -4140 3796 -17456
-885 93 132 -4084 3756 -17540
-860 112 121 -4124 3812 -17612
-878 103 126 -4096 3784 -17672
-863 94 123 -4320 3668 -17512
-880 103 138 -4144 3736 -17592
-884 113 131 -4176 3652 -17460
-870 90 148 -4128 3680 -17420
-869 125 159 -4144 3768 -17452
-893 81 124 -4056 3652 -17584
-881 99 135 -4172 3652 -17420
-886 96 156 -3924 3648 -17368
-883 95 117 -4116 3704 -17248
-893 61 144 -4080 3748 -17500
-852 106 150 -4204 3696 -17396
-863 117 144 -4096 3752 -17364
-880 102 122 -4120 3752 -17436
-904 114 139 -4140 3644 -17472
-853 91 152 -4124 3668 -17536
-850 85 129 -4144 3752 -17620
-860 114 121 -4180 3596 -17664
-861 114 156 -4132 3616 -17364
-870 92 130 -4180 3712 -17340
-897 102 141 -4112 3684 -17592
-874 99 158 -4188 3684 -17592
-863 94 112 -3948 3748 -17572
-879 97 133 -4128 3676 -17460
-835 111 136 -4152 3752 -17380
-874 77 141 -4136 3676 -17248
-879 97 171 -4060 3740 -17516
-874 111 153 -4208 3752 -17348
-862 85 129 -4160 3712 -17384
-912 96 145 -4036 3632 -17384
-865 90 165 -4192 3736 -17236
-881 112 126 -4128 3640 -17648
-889 92 118 -4128 3680 -17632
-886 127 141 -4068 3680 -17368
-872 96 163 -4096 3700 -17424
-892 113 172 -3884 3676 -17456
-870 104 154 -3844 3720 -17516
-864 103 146 -4172 3652 -17212
-858 106 139 -4236 3684 -17504
-894 92 136 -4104 3708 -17640
-865 86 140 -4160 3796 -17656
-848 94 119 -4196 3696 -17600
-846 93 148 -4088 3716 -17488
-860 97 135 -4056 3716 -17548
-849 112 121 -4144 3752 -17628
-853 103 134 -4160 3788 -17532
-884 70 139 -4128 3756 -17432
-885 117 135 -3904 3660 -17484
-878 76 152 -4072 3760 -17484
-833 118 137 -4116 3744 -17412
-897 108 136 -4116 3688 -17484
-891 116 154 -4176 3636 -17288
-893 83 118 -4348 3692 -17436
-872 93 156 -4160 3752 -17536
-904 121 150 -4336 3632 -17404
-867 72 147 -4140 3668 -17512
-865 84 124 -4148 3656 -17460
-876 90 133 -4144 3780 -17480
-866 111 138 -4220 3768 -17508
-889 89 121 -4000 3696 -17484
-884 104 158 -4132 3600 -17476
-878 105 135 -4160 3656 -17520
-862 118 134 -3880 3700 -17388
-863 106 140 -4112 3776 -17468
-895 106 143 -4124 3696 -17544
-858 106 142 -4108 3764 -17448
-871 97 128 -4156 3684 -17492
-858 81 124 -4180 3744 -17564
-894 125 142 -4172 3640 -17508
-866 92 128 -4144 3656 -17504
-885 93 120 -4156 3736 -17420
-851 95 159 -4228 3756 -17556
-864 93 131 -4120 3732 -17408
-870 88 135 -4128 3724 -17380
-891 92 124 -4100 3740 -17432
-848 74 135 -4152 3780 -17524
-878 93 140 -4176 3752 -17656
-888 114 125 -4300 3628 -17444
-869 117 142 -4204 3672 -17492
-892 91 144 -4148 3684 -17472
-876 94 138 -3964 3636 -17608
-891 100 136 -4148 3656 -17588
-873 101 124 -4244 3756 -17460
-865 120 129 -4104 3724 -17396
-883 66 150 -4216 3652 -17656
-860 97 135 -4148 3708 -17548
-868 92 150 -4132 3616 -17568
-867 101 139 -4192 3732 -17468
-864 107 124 -4192 3736 -17484
-885 92 137 -4104 3652 -17452
-855 110 139 -4120 3680 -17484
-914 85 158 -4044 3540 -17492
-855 93 149 -4268 3876 -17620
-857 102 110 -4140 3748 -17436
-871 121 126 -4240 3708 -17296
-877 107 145 -4136 3688 -17404
-884 92 128 -4024 3812 -17444
-889 111 141 -4144 3704 -17476
-872 86 110 -4304 4568 -15764
-854 113 151 -4176 3672 -17664
-878 96 126 -4200 3804 -17496
-862 71 107 -3956 3688 -17704
-860 102 125 -4200 3688 -17384
-839 100 125 -3888 3720 -17436
-888 123 144 -4000 3680 -17432
-889 109 111 -4080 3700 -17428
-904 101 150 -4352 3780 -17488
-835 112 149 -4292 3836 -17588
-874 86 134 -4132 3700 -17520
-845 96 109 -4164 3720 -17296
-892 104 118 -4184 3744 -17508
-844 124 141 -4104 3692 -17460
-880 92 123 -4096 3844 -17036
-897 115 147 -3912 3728 -17544
-876 105 146 -3996 3688 -17632
-854 99 145 -3916 3748 -17324
-848 95 128 -4252 3444 -17520
-871 93 152 -4116 3672 -17460
-887 113 142 -4156 3740 -17484
-874 104 118 -4068 3700 -17408
-874 104 146 -4140 3772 -17448
-893 107 125 -4168 3668 -17532
-888 104 131 -4204 3660 -17356
-848 119 142 -4144 3700 -17508
-865 99 98 -3884 3704 -17576
-874 88 144 -3852 3668 -17548
-870 93 121 -4132 3672 -17552
-888 74 142 -4304 3712 -17448
-849 100 141 -3972 3608 -17492
-876 94 139 -4124 3716 -17328
-878 108 140 -4216 3648 -17472
-877 109 151 -4168 3744 -17244
-896 107 141 -4084 3704 -17420
-857 84 142 -4088 3668 -17352
-881 104 131 -4184 3680 -17620
-882 92 148 -4104 3688 -17480
-886 101 144 -4136 3604 -17464
-875 97 131 -4336 3708 -17472
-866 95 122 -4316 3700 -17420
-914 82 132 -4092 3756 -17440
-889 115 88 -4176 3680 -17428
-881 91 118 -4172 3696 -17364
-865 85 121 -3892 3628 -17432
-872 101 135 -4104 3672 -17460
-853 82 136 -4104 3716 -17404
-891 70 142 -4120 3632 -17648
-882 93 125 -4140 3740 -17360
-877 114 123 -4136 3704 -17588
-882 108 116 -4136 3700 -17512
-872 97 111 -3920 3676 -17492
-889 108 141 -4176 3772 -17656
-857 121 130 -4060 3736 -17452
-870 111 145 -4136 3712 -17168
-875 112 138 -4060 3736 -17396
-882 92 127 -4168 3668 -17492
-907 107 125 -4136 3716 -17400
-859 104 155 -4188 3672 -17460
-869 73 100 -4124 3708 -17352
-899 111 129 -4196 3772 -17504
-884 93 159 -4136 3720 -17472
-876 118 144 -4132 3704 -17460
-877 110 140 -4340 3784 -17444
-891 112 140 -4324 3788 -17580
-858 129 146 -4128 3708 -17432
-882 98 137 -4168 3720 -17484
-869 85 151 -4196 3672 -17476
-875 93 143 -4064 3688 -17644
-858 112 167 -4144 3768 -17536
-864 90 126 -4164 3692 -17332
-850 104 142 -4108 3736 -17588
-858 81 133 -4152 3804 -17400
-913 105 152 -4188 3736 -17388
-872 100 138 -4124 3816 -17548
-874 117 145 -4068 3704 -17448
-863 87 129 -4164 3660 -17488
-879 124 135 -4152 3668 -17548
-870 105 136 -4148 3728 -17404
-853 107 149 -4204 3596 -17416
-880 104 119 -4112 3644 -17420
-843 116 141 -4040 3704 -17520
-893 99 131 -4348 3672 -17196
-840 113 122 -4204 3720 -17532
-861 84 159 -4188 3904 -17532
-841 79 105 -4176 3716 -17432
-866 113 113 -4108 3820 -17312
-870 109 139 -4204 3656 -17556
-870 98 130 -4176 3760 -17512
-865 94 143 -4104 3744 -17516
-894 119 141 -4128 3692 -17464
-894 104 150 -4164 3820 -17372
-898 79 124 -4056 3692 -17600
-881 101 131 -4200 3800 -17372
-879 96 129 -4116 3768 -17432
-894 86 129 -4116 3732 -17508
-892 91 148 -4292 3708 -17416
-861 86 155 -3860 3704 -17340
-855 112 144 -4116 3744 -17300
-841 130 146 -4144 3712 -17476
-886 94 123 -3880 3712 -17572
-855 90 128 -4192 3716 -17588
-854 101 130 -4128 3784 -17484
-901 107 140 -4188 3712 -17544
-863 81 130 -4124 3832 -17556
-866 85 149 -4192 3680 -17332
-873 93 145 -4008 3748 -17252
-847 85 109 -4136 3700 -17520
-869 67 131 -4064 3728 -17416
-850 105 152 -4092 3764 -17216
-858 93 137 -4140 3740 -17516
-877 100 103 -3968 3780 -17332
-871 107 124 -4320 3752 -17652
-880 111 144 -4164 3680 -17468
-877 98 170 -4000 3736 -17400
-869 83 161 -4348 3636 -17452
-874 83 141 -4336 3680 -17596
-890 95 170 -4012 3716 -17336
-871 109 121 -4132 3772 -17184
-876 91 134 -4136 3664 -17528
-859 89 111 -4108 3740 -17636
-867 77 133 -3924 3716 -17420
-858 79 154 -4340 3728 -17396
-885 96 127 -4104 3700 -17396
-861 95 113 -4152 3732 -17472
-862 90 156 -4164 3744 -17524
-875 91 137 -4216 3756 -17400
-872 77 159 -4248 3656 -17424
-862 101 133 -4168 3752 -17476
-880 101 125 -4040 3644 -17444
-881 104 152 -4192 3708 -17544
-892 99 154 -4144 3988 -17440
-880 100 152 -4104 3632 -17460
-865 109 149 -4068 3724 -17532
-873 127 137 -4128 3744 -17464
-866 89 111 -4240 3660 -17564
-838 87 114 -3980 3756 -17292
-880 102 137 -4128 3824 -17456
-866 103 149 -4064 3752 -17380
-874 91 138 -3888 3668 -17564
-864 80 144 -4076 3720 -17400
-850 111 141 -4064 3656 -17512
-873 89 135 -4352 3776 -17416
-864 106 128 -3892 3760 -17436
-839 113 140 -4160 3772 -17480
-876 104 125 -4128 3644 -17252
-857 95 136 -3916 3720 -17660
-890 84 147 -4112 3716 -17580
-853 100 136 -4072 3724 -17572
-875 103 142 -4132 3704 -17440
-876 106 135 -4088 3700 -17396
-864 93 128 -4140 3800 -17524
-859 93 129 -4132 3788 -17552
-846 90 140 -3888 3652 -17460
-853 109 123 -4088 3756 -17340
-876 107 140 -4104 3772 -17544
-836 77 96 -4220 3684 -17468
-879 111 134 -4028 3604 -17488
-881 98 139 -4024 3684 -17512
-870 118 145 -4048 3632 -17464
-867 129 148 -4256 3700 -17432
-869 129 108 -4200 3504 -17556
-878 101 128 -4204 3700 -17552
-865 99 139 -4056 3648 -17484
-866 117 166 -4096 3768 -17484
-882 73 133 -4204 3768 -17320
-872 75 124 -4020 3724 -17200
-882 138 152 -4176 3852 -17352
-881 95 152 -4108 3672 -17572
-881 88 147 -4124 3704 -17336
-890 120 152 -4160 3764 -17536
-864 62 148 -4120 3656 -17460
-870 90 128 -4136 3728 -17524
-883 118 148 -4116 3816 -17176
-877 109 138 -4152 3768 -17368
-864 106 158 -4140 3700 -17664
-882 88 146 -4104 3720 -17528
-860 82 139 -4256 3744 -17440
-849 136 148 -4192 3656 -17540
-852 97 150 -4052 3704 -17516
-877 103 137 -3956 3664 -17480
-864 117 144 -4096 3744 -17352
-849 124 129 -4260 3580 -17408
-877 87 122 -4120 3664 -17404
-874 82 137 -4124 3740 -17520
-869 96 131 -4180 3716 -17588
-873 95 122 -4172 3684 -17416
-846 99 88 -4000 3480 -16948
-894 71 146 -4204 3680 -17588
-891 91 132 -4184 3628 -17440
-890 108 113 -4140 3716 -17484
-912 85 144 -4124 3636 -17340
-928 101 137 -4168 3724 -17320
-857 102 132 -4124 3788 -17460
-880 98 147 -4124 3788 -17572
-865 63 117 -3852 3776 -17552
-844 90 147 -4156 3752 -17552
-849 77 114 -4084 3728 -17436
-854 87 149 -4080 3736 -17324
-886 65 130 -4104 3476 -17820
-858 108 148 -4144 3748 -17532
-904 82 132 -4076 3784 -17476
-887 105 120 -4004 3632 -17416
-852 94 151 -4100 3740 -17256
-858 81 133 -4156 3688 -17452
-868 87 122 -4144 3788 -17384
-881 93 112 -4160 3704 -17392
-847 91 124 -4096 3684 -17544
-870 121 132 -4052 3716 -17484
-889 100 133 -4128 3644 -17180
-898 78 140 -4228 3660 -17504
-871 80 141 -4180 3696 -17160
-873 90 118 -4180 3692 -17456
-889 91 121 -4184 3732 -17488
-885 96 134 -4320 3736 -17484
-850 105 153 -4108 3672 -17332
-876 83 142 -4060 3740 -17400
-873 79 123 -4160 3644 -17528
-861 98 130 -4188 3736 -17496
-884 121 141 -4140 3624 -17196
-869 89 136 -4124 3720 -17540
-856 101 123 -4228 3788 -17492
-880 106 147 -4128 3772 -17564
-858 98 119 -4132 3656 -17544
-880 92 164 -4100 3732 -17364
-885 82 139 -4168 3664 -17364
-892 115 119 -4100 3748 -17512
-857 64 131 -4068 3764 -17660
-905 100 134 -4156 3708 -17448
-871 86 120 -4044 3648 -17404
-900 104 117 -4236 3744 -17340
-875 108 135 -4080 3680 -17248
-869 103 128 -4056 3696 -17452
-860 92 113 -4116 3724 -17380
-856 101 125 -4112 3732 -17376
-881 83 148 -3860 3660 -17476
-859 89 148 -4060 3704 -17384
-881 93 114 -4220 3784 -17508
-891 111 148 -4300 3744 -17476
-844 124 147 -4116 3592 -17444
-887 98 147 -4144 3700 -17472
-881 102 132 -4084 3668 -17488
-870 94 109 -4068 3676 -17164
-894 86 119 -4208 3696 -17304
-874 82 109 -4208 3728 -17504
-883 98 114 -4128 3712 -17512
-858 105 140 -4252 3736 -17464
-871 102 152 -4080 3768 -17232
-885 90 142 -3864 3720 -17600
-876 106 174 -4200 3700 -17400
-895 92 134 -4096 3728 -17476
-865 98 141 -3892 3776 -17528
-892 102 135 -4144 3728 -17440
-864 117 158 -4172 3708 -17504
-874 91 149 -4168 3676 -17464
-887 96 132 -4192 3772 -17252
-882 91 151 -4080 3668 -17424
-847 82 170 -4016 3768 -17436
-894 105 156 -4192 3664 -17408
-887 107 148 -4156 3696 -17416
-847 104 142 -4128 3672 -17444
-866 112 135 -4048 3728 -17668
-881 101 120 -4220 3748 -17492
-885 77 132 -3920 3712 -17432
-879 94 170 -4108 3740 -17508
-892 104 108 -4096 3808 -17604
-875 81 161 -4096 3724 -17432
-875 98 103 -4124 3584 -17356
-874 87 116 -4136 3616 -17508
-854 84 158 -4124 3712 -17588
-857 105 151 -4180 3704 -17584
-862 97 144 -4104 3788 -17456
-867 98 152 -4176 3724 -17448
-856 94 134 -4096 3660 -17328
-872 91 161 -4188 3748 -17560
-843 123 177 -4220 3668 -17556
-852 114 158 -4152 3844 -17492
-862 121 179 -4076 3744 -17656
-884 83 173 -4160 3720 -17504
-877 85 150 -3780 3528 -17560
-877 77 165 -4096 3848 -17568
-869 81 165 -3844 3720 -17472
-846 94 141 -4124 3648 -17556
-868 127 153 -4048 3764 -17448
-858 116 139 -4308 3708 -17452
-891 96 127 -4132 3696 -17632
-878 78 119 -4100 3624 -17576
-868 104 131 -4156 3680 -17424
-870 91 132 -4296 3628 -17504
-875 118 132 -4100 3720 -17452
-862 106 134 -4328 3700 -17644
-862 114 139 -4196 3680 -17540
-878 113 126 -4296 3620 -17572
-872 94 125 -4144 3700 -17412
-856 91 127 -4168 3680 -17476
-870 125 133 -4116 3760 -17540
-864 76 127 -4056 3796 -17492
-845 94 141 -4140 3760 -17516
-864 108 151 -4116 3692 -17416
-878 92 128 -4076 3692 -17420
-875 84 140 -4116 3772 -17444
-876 91 127 -4124 3704 -17504
-878 111 151 -4092 3688 -17460
-866 74 146 -4256 3676 -17588
-885 83 140 -4168 3616 -17280
-883 105 117 -4132 3688 -17428
-884 107 132 -4132 3664 -17432
-878 90 163 -4040 3784 -17180
-852 105 143 -4140 3728 -17404
-865 120 137 -4188 3732 -17200
-881 99 111 -4192 3716 -17528
-884 102 148 -3860 3724 -17444
-898 105 130 -4128 3804 -17576
-866 104 158 -4068 3768 -17608
-877 87 137 -4072 3708 -17424
-889 104 143 -4060 3772 -17520
-895 92 101 -4048 3704 -17568
-869 117 133 -3852 3732 -17544
-879 109 134 -4092 3740 -17524
-880 94 123 -4160 3696 -17512
-880 96 112 -4120 3720 -17500
-886 106 164 -4000 3736 -17444
-893 78 125 -4100 3756 -17512
-860 105 153 -4048 3788 -17204
-839 138 146 -4148 3636 -17264
-879 67 120 -4292 3784 -17644
-841 102 157 -4120 3704 -17596
-863 55 122 -3916 3636 -17488
-881 113 123 -4076 3752 -17576
-875 73 119 -4304 3792 -17340
-887 109 146 -4352 4012 -17460
-857 100 134 -4092 3680 -17556
-877 149 146 -4124 3780 -17308
-852 98 145 -3996 3784 -17552
-870 110 129 -4032 3800 -17456
-889 116 124 -4152 3692 -17536
-883 85 138 -4124 3796 -17472
-884 102 133 -3896 3736 -17632
-874 103 144 -3888 3688 -17372
-888 104 140 -3860 3684 -17180
-877 93 135 -3972 3824 -17436
-914 80 159 -4128 3412 -17420
-826 108 82 -4276 4076 -17436
-871 113 145 -4164 3792 -17404
-877 110 130 -4048 3640 -17532
-858 97 141 -4120 3724 -17328
-906 91 153 -4300 3212 -17248
-880 115 139 -4020 3824 -17408
-858 110 166 -4188 3720 -17648
-884 116 151 -4096 3696 -17496
-858 99 142 -4088 3724 -17584
-848 114 130 -4044 3624 -17488
-854 94 134 -3920 3752 -17348
-870 99 132 -4096 3668 -17464
-827 94 161 -4192 3660 -17640
-849 84 144 -3896 3696 -17384
-866 87 115 -4028 3772 -17532
-881 105 128 -4112 3728 -17596
-892 99 143 -4072 3760 -17596
-873 96 137 -4176 3712 -17524
-891 106 157 -4044 3744 -17628
-868 110 138 -4116 3704 -17436
-880 110 128 -4192 3636 -17476
-847 86 140 -4176 3668 -17636
-900 102 124 -3968 3672 -17620
-863 87 110 -4100 3728 -17624
-869 98 155 -4144 3728 -17432
-864 103 123 -4148 3632 -17548
-895 95 158 -3900 3704 -17468
-878 79 145 -4088 3744 -17480
-865 102 144 -4136 3744 -17612
-901 93 109 -4116 3648 -17536
-897 83 125 -4036 3716 -17544
-886 123 145 -4172 3664 -17584
-857 109 178 -4088 3728 -17280
-868 95 153 -4096 3624 -17472
-853 89 136 -4084 3688 -17548
-879 104 151 -4148 3708 -17528
-863 91 131 -4148 3728 -17644
-871 82 140 -3876 3716 -17296
-892 84 127 -4104 3680 -17420
-879 89 155 -4128 3692 -17484
-879 76 141 -4080 3716 -17596
-845 85 122 -4120 3656 -17400
-871 116 129 -4028 3668 -17428
-865 103 139 -4104 3700 -17372
-850 113 125 -4172 3716 -17404
-883 99 154 -4116 3828 -17468
-871 99 120 -4084 3680 -17384
-870 79 130 -4124 3632 -17452
-865 101 160 -4160 3740 -17508
-898 68 131 -4128 3556 -17540
-862 93 141 -4024 3716 -17420
-853 78 131 -4168 3712 -17460
-861 108 154 -3896 3392 -17604
-777 89 149 -4108 3780 -17572
-828 94 126 -4144 3672 -17336
-854 95 155 -4068 3704 -17496
-856 81 116 -4096 3828 -17552
-858 103 124 -4136 3664 -17468
-879 108 116 -4288 3688 -17464
-854 87 143 -4156 3708 -17592
-850 91 151 -4172 3648 -17632
-885 106 148 -3852 3720 -17504
-869 95 135 -4000 3748 -17332
-872 119 124 -4336 3608 -17484
-867 94 139 -4032 3812 -17464
-890 104 152 -4140 3644 -17488
-854 69 126 -4112 3624 -17492
-857 120 159 -4148 3688 -17600
-844 83 147 -4032 3644 -17452
-880 92 120 -4348 3720 -17480
-849 88 134 -4124 3736 -17276
-884 93 135 -4164 3812 -17628
-869 91 126 -4112 3668 -17320
-890 107 158 -4228 3760 -17216
-896 133 136 -4072 3812 -17368
-873 120 136 -4124 3760 -17460
-898 93 156 -3992 3684 -17384
-868 130 114 -4096 3788 -17536
-863 126 105 -4124 3784 -17192
-868 104 135 -3848 3712 -17452
-891 71 139 -3896 3828 -17424
-870 83 144 -3848 3664 -17440
-895 119 146 -4128 3676 -17432
-873 88 152 -4132 3796 -17572
-858 112 123 -4180 3680 -17552
-861 79 132 -4120 3780 -17444
-887 89 137 -4104 3748 -17620
-896 101 141 -3860 3676 -17628
-838 124 150 -4192 3628 -17416
-869 107 106 -4260 3772 -17660
-875 86 137 -3956 3860 -17652
-852 72 143 -4172 3820 -17252
-867 92 150 -3928 3760 -17384
-874 112 121 -4104 3644 -17436
-864 123 155 -4228 3652 -17272
-888 109 106 -4044 3776 -17512
-906 83 143 -3904 3620 -17500
-517 109 154 -4184 3624 -17388
-809 81 137 -3928 3812 -17464
-880 87 123 -4160 3680 -17564
-854 92 146 -4172 3672 -17560
-874 94 129 -4008 3684 -17396
-885 96 128 -4108 3680 -17664
-865 123 129 -4040 3744 -17248
-897 90 129 -4132 3788 -17520
-872 106 123 -4160 3700 -17576
-877 119 131 -4032 3644 -17452
-843 91 124 -4076 3744 -17216
-891 99 149 -4076 3656 -17532
-855 54 131 -4076 3568 -17496
-854 120 123 -4084 3660 -17468
-892 83 138 -4140 3732 -17592
-891 77 126 -3944 3688 -17316
-820 87 144 -3936 3632 -17512
-861 95 117 -4000 3660 -17488
-870 97 122 -4032 3684 -17420
-866 109 121 -3964 3704 -17460
-887 98 155 -4080 3748 -17556
-901 88 124 -4132 3720 -17256
-855 92 153 -4176 3620 -17300
-878 93 127 -4160 3700 -17608
-869 95 134 -4088 3724 -17388
-844 112 121 -4148 3764 -17352
-878 90 103 -3908 3712 -17600
-849 92 128 -4112 3636 -17160
-859 98 125 -4268 3832 -17552
-870 110 154 -3848 3768 -17552
-860 110 162 -4068 3720 -17448
-857 100 152 -4108 3748 -17464
-858 91 132 -4064 3708 -17380
-882 111 123 -4304 3780 -17472
-858 118 151 -3980 3772 -17532
-892 79 126 -4140 3748 -17396
-893 105 132 -4168 3600 -17184
-883 107 170 -4076 3724 -17660
-884 94 130 -4120 3636 -17612
-892 78 149 -4120 3692 -17564
-886 88 129 -4072 3712 -17208
-874 93 134 -3884 3676 -17352
-867 73 141 -4100 3660 -17476
-870 105 153 -4108 3728 -17620
-854 96 114 -4068 3752 -17352
-863 88 123 -3864 3744 -17452
-878 114 127 -4144 3788 -17376
-899 93 123 -3900 3720 -17524
-885 91 138 -4108 3728 -17520
-872 106 139 -4144 3804 -17432
-860 111 136 -4100 3700 -17540
-885 101 126 -4068 3852 -17528
-893 115 150 -4176 3732 -17376
-853 109 118 -4120 3688 -17444
-880 88 153 -4108 3652 -17664
-879 122 161 -4092 3716 -17360
-837 98 147 -3888 3664 -17488
-858 103 148 -4152 3712 -17492
-865 91 131 -4100 3768 -17404
-888 107 139 -4036 3664 -17480
-885 96 149 -4160 3756 -17488
-878 106 117 -4100 3744 -17552
-869 113 130 -4204 3732 -17464
-879 121 125 -4132 3732 -17488
-878 114 113 -4236 3728 -17572
-842 104 141 -4096 3716 -17516
-881 117 153 -4128 3740 -17568
-869 129 110 -4172 3728 -17504
-864 109 142 -4124 3700 -17552
-888 71 139 -4108 3712 -17604
-871 110 127 -4196 3768 -17492
-866 96 109 -4340 3768 -17452
-857 79 137 -3864 3732 -17244
-877 101 137 -3888 3732 -17172
-862 88 116 -4192 3744 -17448
-864 89 138 -4272 3748 -17396
-865 90 132 -4192 3772 -17456
-865 98 143 -4152 3752 -17532
-899 81 120 -4136 3664 -17500
-852 107 150 -4240 3708 -17352
-892 98 152 -4252 3668 -17420
-879 91 137 -4080 3652 -17440
-886 100 131 -4108 3712 -17520
-833 114 140 -4028 3608 -17560
-890 82 126 -4148 3716 -17540
-866 99 139 -4164 3708 -17568
-883 92 152 -4092 3752 -17168
-893 99 144 -4140 3672 -17560
-887 90 153 -4128 3712 -17420
-850 110 115 -4188 3708 -17532
-861 95 120 -4200 3752 -17604
-881 89 119 -4068 3676 -17580
-863 113 142 -4120 3812 -17252
-880 81 137 -4340 3700 -17432
-895 117 127 -4148 3700 -17436
-880 91 138 -4136 3680 -17192
-900 82 136 -4196 3732 -17432
-880 85 130 -4096 3720 -17440
-902 103 139 -4328 3744 -17540
-892 69 127 -4156 3732 -17516
-854 101 125 -4168 3704 -17528
-862 74 163 -4056 3668 -17252
-874 90 117 -3884 3688 -17492
-862 100 135 -4068 3784 -17500
-855 89 164 -4024 3736 -17464
-858 104 130 -4312 3640 -17448
-875 94 131 -4120 3664 -17428
-865 87 116 -4148 3700 -17420
-850 105 119 -4152 3740 -17504
-878 107 148 -4052 3656 -17388
-863 104 123 -4188 3704 -17484
-856 97 119 -4144 3724 -17484
-883 76 116 -4056 3652 -17528
-870 82 160 -4156 3656 -17584
-874 108 147 -4016 3740 -17560
-883 90 126 -4100 3692 -17440
-858 99 130 -4188 3824 -17364
-843 102 119 -3852 3660 -17536
-865 95 150 -4044 3696 -17528
-880 99 147 -3884 3692 -17428
-871 88 109 -4128 3712 -17424
-865 107 123 -4144 3656 -17384
-874 87 127 -4100 3804 -17576
-901 99 138 -3888 3724 -17492
-874 77 101 -4164 3692 -17552
-854 94 121 -4092 3812 -17520
-887 96 117 -3868 3628 -17476
-875 104 163 -4220 3692 -17552
-869 86 140 -4092 3744 -17540
-859 80 153 -4032 3768 -17488
-875 95 128 -4096 3732 -17364
-888 84 132 -4180 3764 -17396
-872 92 129 -4152 3700 -17424
-906 104 141 -4340 3684 -17504
-867 86 132 -4160 3696 -17516
-856 73 152 -4084 3604 -17436
-895 107 135 -4024 3712 -17212
-877 78 139 -4148 3672 -17368
-836 97 126 -4204 3736 -17612
-869 83 138 -4040 3740 -17456
-875 106 157 -4076 3664 -17424
-880 97 122 -4104 3732 -17640
-890 103 149 -4192 3748 -17500
-852 98 156 -4116 3692 -17468
-880 89 139 -3852 3720 -17472
-868 104 120 -4144 3700 -17368
-869 81 146 -4124 3772 -17544
-875 98 142 -4204 3640 -17420
-900 95 105 -4180 3648 -17396
-891 96 124 -4036 3732 -17260
-890 90 135 -4096 3648 -17500
-880 111 155 -4088 3768 -17516
-898 86 148 -3860 3776 -17496
-837 85 127 -4084 3628 -17236
-883 93 133 -4052 3588 -17504
-854 100 98 -4144 3732 -17652
-867 91 155 -4184 3784 -17560
-874 99 137 -3912 3656 -17604
-867 75 133 -4044 3744 -17368
-883 97 116 -4160 3676 -17480
-892 114 146 -4056 3708 -17496
-896 94 123 -4124 3708 -17568
-878 96 141 -4080 3788 -17452
-889 89 145 -4092 3664 -17488
-890 98 131 -4128 3804 -17416
-893 74 116 -4204 3644 -17228
-876 104 131 -4048 3636 -17436
-883 112 139 -4156 3728 -17524
-876 95 125 -4076 3688 -17532
-868 117 133 -4168 3776 -17444
-888 84 131 -4192 3732 -17456
-914 80 109 -4080 3676 -17484
-863 116 146 -4080 3728 -17552
-905 82 126 -4076 3676 -17592
-898 98 146 -4216 3752 -17464
-903 83 107 -4148 3652 -17416
-897 105 125 -3972 3764 -17168
-894 104 126 -4216 3700 -17484
-877 87 144 -4168 3788 -17532
-879 74 141 -4148 3724 -17488
-867 99 113 -4296 3684 -17528
-869 89 113 -3864 3720 -17476
-871 105 129 -4108 3680 -17468
-883 95 141 -4292 3752 -17396
-857 120 118 -4048 3636 -17484
-875 93 115 -4208 3660 -17508
-866 99 107 -4108 3696 -17584
-882 83 123 -4172 3740 -17620
-865 90 132 -4148 3728 -17564
-883 106 176 -4024 3728 -17456
-871 98 151 -4168 3772 -17508
-887 90 120 -4152 3784 -17500
-850 89 127 -4144 3660 -17548
-861 64 134 -4168 3700 -17520
-859 97 99 -4096 3700 -17472
-853 91 138 -4128 3680 -17200
-869 93 121 -4124 3704 -17380
-863 101 156 -3924 3652 -17516
-843 77 129 -4104 3692 -17464
-886 106 135 -4048 3756 -17196
-882 84 126 -4168 3636 -17496
-872 88 130 -3852 3680 -17360
-876 77 141 -4148 3684 -17500
-874 94 159 -4160 3648 -17552
-888 98 138 -4056 3784 -17304
-887 92 136 -4076 3692 -17552
-874 101 123 -4072 3704 -17476
-845 104 135 -4064 3656 -17488
-888 79 144 -4084 3756 -17536
-869 105 147 -4096 3780 -17444
-860 86 157 -4064 3748 -17264
-877 87 139 -4056 3720 -17556
-874 63 148 -4196 3680 -17440
-900 90 139 -4072 3720 -17584
-870 110 152 -4092 3728 -17552
-889 98 137 -4208 3632 -17556
-889 87 131 -4152 3612 -17488
-874 95 148 -4152 3716 -17424
-866 89 120 -4156 3652 -17476
-865 101 129 -4164 3756 -17576
-884 96 152 -3848 3684 -17564
-854 112 149 -4100 3740 -17488
-892 108 108 -4176 3740 -17504
-880 101 145 -4024 3656 -17552
-861 123 134 -4092 3688 -17284
-890 98 165 -4128 3760 -17504
-878 84 135 -4348 3740 -17544
-872 98 110 -3876 3676 -17164
-877 104 142 -4316 3744 -17588
-873 107 151 -4144 3700 -17396
-838 101 129 -4148 3632 -17420
-880 115 140 -4148 3752 -17440
-870 99 137 -4160 3656 -17312
-906 86 125 -4148 3700 -17356
-880 93 157 -4048 3688 -17416
-873 120 139 -4156 3688 -17476
-877 91 145 -4124 3680 -17524
-852 93 134 -4152 3732 -17604
-860 103 136 -4316 3700 -17360
-876 103 164 -4056 3748 -17468
-889 82 130 -4120 3688 -17432
-876 97 126 -4132 3664 -17452
-880 110 140 -4120 3680 -17488
-882 83 148 -4116 3784 -17160
-862 125 100 -4128 3784 -17296
-868 89 117 -4068 3700 -17396
-864 96 139 -4164 3748 -17452
-877 93 148 -4152 3748 -17492
-861 100 148 -4040 3712 -17412
-887 99 129 -4036 3740 -17464
-858 104 146 -3876 3748 -17528
-864 123 135 -4144 3740 -17460
-893 111 137 -4100 3696 -17588
-854 72 132 -4148 3740 -17452
-871 127 126 -3872 3664 -17448
-887 91 133 -4332 3700 -17608
-866 101 151 -4096 3620 -17396
-844 91 127 -4088 3672 -17484
-893 108 145 -4164 3580 -17352
-877 90 145 -4116 3796 -17436
-865 89 127 -4244 3676 -17524
-845 87 146 -4152 3660 -17344
-884 95 149 -4156 3716 -17428
-872 89 146 -4072 3740 -17632
-854 102 133 -4096 3732 -17460
-875 115 123 -3864 3728 -17524
-869 107 146 -4100 3752 -17468
-868 81 129 -3972 3768 -17348
-882 113 109 -4172 3744 -17552
-860 111 132 -4132 3564 -17408
-876 93 134 -4008 3704 -17424
-849 83 121 -4164 3676 -17452
-842 99 145 -4124 3760 -17488
-870 85 144 -4132 3724 -17424
-868 96 122 -4164 3672 -17540
-835 95 133 -4140 3712 -17616
-891 116 160 -4232 3684 -17488
-888 101 171 -4132 3656 -17176
-866 122 110 -4100 3636 -17456
-887 94 124 -3924 3748 -17452
-866 93 137 -4144 3724 -17592
-866 82 135 -4092 3660 -17424
-848 68 120 -4208 3688 -17476
-867 109 128 -4156 3768 -17420
-877 107 142 -3884 3728 -17408
-862 92 124 -4136 3728 -17656
-865 90 117 -4164 3728 -17456
-861 82 154 -4176 3692 -17400
-871 90 147 -3932 3764 -17484
-878 88 159 -4208 3716 -17472
-871 76 156 -3848 3772 -17520
-882 91 134 -4112 3716 -17564
-863 100 127 -4132 3688 -17468
-855 80 127 -4008 3732 -17424
-894 73 146 -4168 3588 -17316
-883 100 115 -4120 3724 -17496
-885 78 139 -4108 3740 -17476
-866 120 138 -3884 3776 -17180
-887 101 152 -4184 3760 -17428
-904 100 151 -4104 3728 -17528
-886 87 116 -4144 3772 -17436
-875 112 140 -4200 3804 -17348
-856 121 123 -4172 3728 -17368
-878 83 143 -4168 3748 -17436
-879 117 157 -4080 3724 -17568
-886 110 154 -4344 3640 -17456
-888 98 158 -4064 3704 -17476
-870 117 148 -4192 3668 -17548
-869 86 133 -4040 3680 -17208
-812 162 155 -3852 3684 -17336
-774 86 114 -4040 3732 -17500
-920 106 141 -4124 3596 -17460
-996 81 154 -4104 3700 -17528
-777 134 117 -4104 3596 -17488
-812 122 134 -4024 3684 -17432
-835 63 141 -4084 3728 -17484
-876 68 79 -4128 3932 -17200
-913 93 157 -4144 3748 -17356
-874 103 131 -4120 3604 -17652
-885 92 127 -3960 3664 -17424
-889 98 138 -4132 3764 -17484
-877 61 165 -4212 3812 -17416
-872 115 153 -4148 3672 -17548
-874 86 126 -3968 3740 -17496
-866 100 130 -4204 3608 -17464
-840 116 134 -4020 3684 -17596
-849 93 120 -4088 3708 -17460
-878 115 166 -4148 3736 -17288
-898 93 138 -4032 3688 -17424
-857 106 124 -4068 3696 -17436
-901 90 135 -4112 3732 -17592
-862 78 134 -4272 3676 -17420
-855 101 146 -4076 3632 -17300
-881 89 161 -4144 3740 -17228
-890 56 116 -4172 3680 -17300
-830 101 130 -4228 3700 -17592
-895 75 130 -4172 3720 -17324
-860 128 162 -3920 3740 -17568
-885 116 165 -4196 3640 -17664
-896 105 142 -4140 3692 -17256
-882 82 152 -4096 3744 -17404
-874 71 163 -4036 3732 -17532
-870 91 148 -4140 3824 -17464
-878 93 133 -4032 3700 -17448
-884 84 144 -4164 3740 -17436
-861 114 149 -4040 3692 -17440
-851 96 119 -4164 3684 -17520
-869 92 138 -4244 3672 -17444
-883 103 115 -4104 3660 -17552
-885 103 125 -4084 3708 -17196
-891 82 132 -4116 3680 -17416
-884 114 113 -3868 3676 -17404
-864 99 108 -4132 3636 -17516
-857 91 128 -3876 3732 -17372
-896 89 124 -3856 3744 -17364
-864 114 141 -4172 3692 -17508
-846 95 128 -4336 3716 -17536
-845 62 114 -4148 3668 -17524
-854 75 140 -4048 3700 -17288
-860 107 150 -4168 3708 -17308
-880 86 153 -4128 3792 -17508
-879 99 155 -4136 3752 -17468
-881 117 118 -4100 3712 -17488
-870 87 104 -4300 3644 -17492
-872 117 142 -4148 3708 -17372
-873 93 113 -4096 3692 -17488
-861 98 122 -4104 3708 -17616
-887 100 121 -4080 3796 -17532
-895 89 137 -4072 3736 -17560
-867 110 112 -4008 3824 -17540
-872 89 144 -4168 3660 -17468
-892 103 147 -3848 3760 -17340
-864 115 140 -3872 3748 -17452
-855 79 147 -4112 3672 -17640
-889 79 130 -4100 3712 -17380
-888 102 109 -4180 3608 -17388
-923 118 140 -4172 3672 -17560
-814 470 179 -3048 3484 -17304
-1510 988 107 -4104 3712 -17468
-834 537 173 -3852 3660 -17400
-977 174 185 -4004 3820 -17660
-815 130 183 -3876 3876 -17604
-847 101 143 -3912 3832 -17456
-885 134 128 -3864 3768 -17548
-871 117 123 -3820 3824 -17448
-878 80 150 -3884 3804 -17400
-878 101 126 -4088 4032 -17544
-843 101 142 -3940 3884 -17560
-840 109 137 -3892 3772 -17560
-893 103 124 -4092 3884 -17348
-852 99 149 -3896 3820 -17448
-862 105 156 -3912 3808 -17648
-872 96 154 -3832 3784 -17544
-890 112 123 -3872 3732 -17560
-836 102 152 -3952 3716 -17596
-873 122 145 -3724 3748 -17524
-886 96 131 -4096 3800 -17448
-850 85 150 -3900 4012 -17548
-853 88 121 -3972 3900 -17304
-873 95 140 -3664 3772 -17508
-875 95 148 -3932 3608 -17648
-884 127 145 -3888 3784 -17460
-840 79 141 -3876 3856 -17612
-873 105 149 -4084 3732 -17452
-882 104 158 -4036 3816 -17468
-871 133 143 -3892 3804 -17552
-878 93 162 -3640 3608 -17576
-878 98 111 -3840 3912 -17448
-872 119 134 -3848 3836 -17180
-867 94 136 -3824 3772 -17464
-872 91 131 -3864 3732 -17456
-881 91 125 -3816 3760 -17580
-903 88 144 -3868 3788 -17460
-857 94 147 -3924 3820 -17480
-841 110 124 -3836 3796 -17608
-851 92 159 -3956 3832 -17344
-871 100 117 -4080 3772 -17592
-870 111 162 -3964 3776 -17440
-852 94 168 -3892 3868 -17504
-859 108 146 -3960 3756 -17476
-883 115 135 -3924 3796 -17524
-857 96 142 -3900 3736 -17652
-868 102 151 -3800 3848 -17520
-896 100 131 -4080 3788 -17604
-890 101 124 -3796 3820 -17644
-856 118 132 -3852 3760 -17560
-918 87 108 -3932 3796 -17156
-860 103 158 -4084 3796 -17448
-875 101 173 -4076 3848 -17432
-884 98 147 -3648 3740 -17636
-877 102 159 -3944 3840 -17488
-887 106 128 -3852 3784 -17444
-857 102 147 -3804 3788 -17456
-875 97 152 -3604 3816 -17572
-875 106 153 -3752 3732 -17660
-852 83 147 -3844 3820 -17644
-861 107 165 -3896 3760 -17644
-893 103 141 -3848 3844 -17436
-888 67 129 -3856 3896 -17592
-895 107 144 -3868 3584 -17532
-869 126 151 -3824 3740 -17520
-873 95 107 -4092 3772 -17576
-862 93 147 -3876 3824 -17676
-876 97 118 -3880 3856 -17600
-876 90 144 -3628 3724 -17524
-862 147 133 -3896 3928 -17488
-873 110 156 -3932 3828 -17552
-879 92 147 -3924 3784 -17620
-857 101 160 -3892 3840 -17604
-879 89 136 -3912 3940 -17656
-874 101 137 -3868 3764 -17572
-901 122 133 -3852 3812 -17456
-875 95 131 -4092 3616 -17624
-896 95 141 -3852 3828 -17576
-862 111 122 -3824 3808 -17484
-850 98 121 -4096 4032 -17476
-875 113 143 -3832 3720 -17576
-881 97 161 -3864 3824 -17628
-912 101 129 -3960 3600 -17592
-871 118 157 -3820 3660 -17488
-886 91 122 -3788 3740 -17552
-897 108 141 -3904 3832 -17452
-858 82 148 -3904 3860 -17548
-876 99 144 -4096 3800 -17556
-864 99 148 -3796 3800 -17516
-880 105 155 -3860 3788 -17508
-873 87 163 -3880 3764 -17644
-871 113 134 -3824 3692 -17532
-851 87 139 -3812 3860 -17600
-873 101 129 -4080 3592 -17484
-884 99 128 -3652 3732 -17544
-857 102 139 -3924 3804 -17540
-850 98 142 -4016 3780 -17544
-878 113 132 -3944 3840 -17444
-872 95 112 -3928 4092 -17372
-883 97 124 -3792 3812 -17596
-878 104 145 -3852 3716 -17572
-877 96 134 -3904 3736 -17540
-876 100 143 -4016 3616 -17456
-896 106 129 -3836 3768 -17172
-864 88 134 -3784 3800 -17476
-865 104 133 -3600 3724 -17400
-883 100 122 -3836 3880 -17532
-897 72 132 -3816 3812 -17508
-873 110 150 -3792 3700 -17692
-850 118 148 -3916 3896 -17532
-843 101 131 -3944 3676 -17564
-891 96 142 -3884 3796 -17452
-874 92 137 -3948 3928 -17476
-877 82 136 -3936 3908 -17632
-870 91 119 -4056 3796 -17484
-880 88 136 -3852 3748 -17572
-898 87 150 -3904 3856 -17516
-864 114 124 -3616 3788 -17432
-856 88 114 -3968 3848 -17628
-869 96 134 -3932 3824 -17580
-866 88 134 -3924 3796 -17560
-884 86 127 -3952 3824 -17404
-869 76 155 -3796 3632 -17540
-842 105 140 -3868 3800 -17424
-853 97 108 -3904 3768 -17512
-873 96 138 -3872 3796 -17476
-891 99 132 -3624 3864 -17436
-868 88 103 -3816 3836 -17520
-874 87 116 -3832 3740 -17592
-850 97 159 -3960 3784 -17528
-878 96 157 -3640 3664 -17484
-842 74 141 -3628 3624 -17436
-858 117 122 -4328 3680 -17592
-901 84 139 -4004 3772 -17160
-935 122 93 -3728 3696 -17556
-887 115 135 -4068 3748 -17620
-813 69 185 -3764 3904 -17544
-947 95 146 -3752 3824 -17236
-830 121 142 -3952 3820 -17676
-851 87 141 -3832 3804 -17464
-901 95 146 -3884 3728 -17460
-875 90 155 -3920 3736 -17652
-855 80 124 -3928 3880 -17180
-875 99 138 -3952 3764 -17476
-905 98 125 -3924 3748 -17448
-878 104 143 -3872 3768 -17584
-884 94 129 -3868 3808 -17508
-870 97 137 -3920 3820 -17540
-876 99 145 -3876 3824 -17384
-852 104 152 -3876 3796 -17480
-860 79 127 -4080 3584 -17480
-867 116 134 -3904 3788 -17500
-841 96 149 -3892 3864 -17496
-868 100 127 -3848 3912 -17552
-872 103 128 -3900 3800 -17448
-835 94 148 -3848 3744 -17584
-867 103 128 -3884 3852 -17756
-884 92 126 -3884 3796 -17712
-872 94 141 -3868 3772 -17508
-886 106 135 -3924 3804 -17588
-861 80 153 -3836 3740 -17484
-854 85 115 -3852 3772 -17456
-875 89 145 -3872 3800 -17524
-859 100 141 -3884 3856 -17420
-863 104 125 -4088 3832 -17416
-891 88 139 -3876 3848 -17444
-869 85 137 -3960 3868 -17448
-876 94 142 -3948 3836 -17556
-882 102 121 -3856 3812 -17536
-851 105 121 -3592 3844 -17544
-871 105 109 -3936 3776 -17440
-868 110 151 -3936 3764 -17568
-875 96 138 -3940 3624 -17628
-889 95 131 -3808 3812 -17500
-871 107 136 -3752 3804 -17576
-884 94 123 -3900 3912 -17584
-867 85 136 -3852 3792 -17512
-869 87 140 -3596 3812 -17620
-886 104 151 -3864 3804 -17616
-861 132 114 -3876 3764 -17656
-860 88 170 -3828 3772 -17512
-868 103 142 -3880 3856 -17568
-879 110 161 -3948 3816 -17532
-873 90 138 -3812 3800 -17464
-869 127 126 -3868 3600 -17524
-890 96 108 -3768 3624 -17504
-878 97 163 -3888 3712 -17384
-874 93 125 -3824 3744 -17576
-893 97 117 -3640 3964 -17416
-871 110 155 -3916 3588 -17524
-888 85 126 -3840 3820 -17628
-878 105 125 -3832 3692 -17588
-868 90 107 -3824 3740 -17576
-880 127 118 -3940 3852 -17604
-877 103 135 -3908 3768 -17532
-905 90 126 -3820 3748 -17452
-885 79 139 -3864 3780 -17480
-871 103 135 -3612 3796 -17508
-876 75 118 -3820 3744 -17616
-880 84 163 -3876 3788 -17572
-878 89 137 -3832 3832 -17496
-857 88 144 -3880 3788 -17532
-866 88 144 -3860 3844 -17400
-902 108 116 -3980 3740 -17588
-861 91 126 -3928 3816 -17604
-845 108 165 -3908 3748 -17456
-888 116 129 -3888 3728 -17540
-899 100 118 -3868 3648 -17536
-893 99 138 -3904 3812 -17512
-883 92 149 -3920 3900 -17608
-856 80 137 -3792 3816 -17396
-873 85 135 -3868 3804 -17588
-838 92 146 -3928 3616 -17536
-879 82 148 -3892 3840 -17540
-890 88 113 -3964 4056 -17576
-873 110 123 -3900 3796 -17484
-898 93 133 -3648 3864 -17648
-879 95 136 -3924 3768 -17248
-881 112 134 -3884 3588 -17540
-850 104 125 -3908 3700 -17508
-904 114 126 -3824 3808 -17408
-892 109 134 -4092 3864 -17560
-848 102 145 -3872 3760 -17516
-899 92 136 -3928 3892 -17484
-863 110 117 -3920 3600 -17472
-869 103 143 -3864 3600 -17468
-909 93 127 -4072 4068 -17508
-869 84 139 -3880 3784 -17580
-872 92 137 -3928 3832 -17444
-853 95 142 -3932 3788 -17428
-887 95 130 -3876 3712 -17464
-884 100 148 -3884 4060 -17632
-855 74 141 -3944 3828 -17408
-878 116 131 -3868 3796 -17572
-877 81 145 -3992 3732 -17448
-864 92 130 -4088 3748 -17576
-875 94 121 -3872 3804 -17584
-885 78 166 -3908 3768 -17860
-881 67 142 -3776 3780 -17364
-870 107 131 -3832 3804 -17524
-882 90 140 -3852 3808 -17612
-855 88 143 -3796 3816 -17468
-903 88 120 -3980 3872 -17440
-870 123 110 -3888 3776 -17492
-864 79 137 -3936 3896 -17576
-883 105 143 -3808 3744 -17672
-867 69 133 -3896 3880 -17524
-877 100 144 -3880 3844 -17364
-875 96 123 -4028 3796 -17400
-892 113 136 -3884 3840 -17620
-874 101 130 -3828 3756 -17468
-869 74 151 -3868 3800 -17508
-855 102 170 -3832 3872 -17572
-866 97 141 -3860 4088 -17204
-876 92 124 -3832 4024 -17544
-869 96 138 -3896 3608 -17620
-850 112 124 -3928 3644 -17204
-875 103 134 -3972 3892 -17500
-887 106 150 -4096 3772 -17464
-890 112 124 -3908 3720 -17536
-874 113 124 -3944 3592 -17528
-873 107 142 -3808 3736 -17476
-876 111 137 -3896 3808 -17612
-861 95 149 -3916 3800 -17376
-875 105 132 -3876 3868 -17456
-863 76 139 -3652 3796 -17616
-890 77 114 -4088 3748 -17552
-883 86 143 -3876 3844 -17516
-905 93 144 -3828 3828 -17524
-869 84 150 -3872 3880 -17576
-859 80 138 -3864 3816 -17620
-878 81 118 -3908 3668 -17504
-884 101 124 -3880 3792 -17444
-871 126 153 -3812 3732 -17432
-851 103 121 -4096 3628 -17476
-868 112 154 -3932 4092 -17492
-887 97 135 -3876 3820 -17556
-860 104 141 -3824 3812 -17444
-879 109 134 -3844 3740 -17544
-864 91 131 -3912 3896 -17424
-872 101 130 -3860 4024 -17548
-845 106 123 -3944 3744 -17588
-839 107 128 -3872 3852 -17560
-861 106 145 -3896 3764 -17548
-885 118 136 -3840 3896 -17508
-876 94 137 -3860 3768 -17612
-877 103 122 -3816 3728 -17508
-870 89 140 -3612 3788 -17612
-847 99 134 -3640 3776 -17512
-876 101 146 -3968 3844 -17544
-860 120 139 -3844 3872 -17552
-866 85 128 -3848 3796 -17524
-862 95 131 -3904 3848 -17508
-882 110 147 -4044 3864 -17488
-859 98 123 -3804 3836 -17448
-846 104 118 -3820 3908 -17348
-864 100 149 -3876 3776 -17524
-883 94 135 -3960 3804 -17468
-878 91 139 -4020 3832 -17624
-865 81 104 -3840 3636 -17464
-865 115 114 -3840 3844 -17452
-874 127 125 -3976 3756 -17600
-856 97 121 -3876 3796 -17468
-853 94 153 -3896 3844 -17468
-863 80 127 -3920 3744 -17504
-881 89 130 -3868 3832 -17584
-874 87 160 -3844 3772 -17492
-873 104 142 -3888 3804 -17584
-872 91 140 -3900 3808 -17576
-901 104 133 -4080 3828 -17504
-867 102 154 -3848 3888 -17560
-845 101 138 -3932 3800 -17496
-848 120 114 -3588 3772 -17536
-881 93 137 -3888 3756 -17248
-861 78 117 -3900 3852 -17468
-858 111 157 -3788 3584 -17560
-856 97 129 -3844 3812 -17504
-859 112 119 -3864 3748 -17416
-867 94 146 -3744 3808 -17572
-888 116 127 -3892 3784 -17532
-879 106 134 -3848 3832 -17556
-883 122 120 -3960 3812 -17504
-874 94 136 -3936 3828 -17564
-829 103 157 -3840 3916 -17472
-830 105 139 -3836 3692 -17584
-862 118 124 -3652 3808 -17552
-900 98 150 -3844 3760 -17568
-859 104 140 -4080 3796 -17524
-864 108 143 -3952 3856 -17504
-863 84 139 -3856 3868 -17556
-871 79 135 -3852 3800 -17520
-871 92 164 -3924 3800 -17444
-855 103 140 -3912 3792 -17544
-864 89 121 -3928 3632 -17508
-891 99 144 -4012 3852 -17580
-883 115 148 -4076 3644 -17296
-846 92 135 -3892 3800 -17492
-859 101 145 -3868 3808 -17464
-855 77 141 -3924 3776 -17536
-879 109 127 -3848 3784 -17468
-859 102 153 -3900 3788 -17524
-874 110 128 -3936 3816 -17612
-883 115 135 -3812 3592 -17656
-806 70 114 -3696 3632 -17424
-754 47 183 -3852 3596 -17432
-856 93 118 -3856 4068 -17380
-891 94 129 -3904 3812 -17340
-942 66 104 -3880 4060 -17644
-862 102 127 -4020 3804 -17524
-904 84 143 -3808 3868 -17536
-827 92 139 -3912 3812 -17548
-898 101 124 -3948 4084 -17640
-878 63 127 -3852 3832 -17592
-846 97 151 -3928 3820 -17468
-871 116 126 -4036 3832 -17452
-897 91 147 -3780 4072 -17552
-867 78 133 -3916 3780 -17660
-805 92 148 -3784 3812 -17476
-871 82 100 -3896 3592 -17424
-882 97 137 -3892 3948 -17584
-868 111 108 -3684 3584 -17552
-867 96 146 -3884 4068 -17472
-846 94 108 -3820 3920 -17504
-885 101 130 -3936 3620 -17476
-872 85 131 -3848 3832 -17488
-873 90 115 -3680 3600 -17484
-874 81 133 -3912 3792 -17544
-847 89 131 -3936 3824 -17584
-865 87 158 -3924 3796 -17412
-898 102 142 -3844 3896 -17576
-883 104 129 -3832 3744 -17416
-880 99 146 -3868 3860 -17492
-888 72 129 -4028 4048 -17548
-857 110 166 -3836 3916 -17528
-868 93 120 -3896 3824 -17500
-878 97 159 -3928 3772 -17508
-872 91 131 -3744 3740 -17636
-855 74 116 -3840 3784 -17528
-859 121 148 -3880 3812 -17588
-839 109 129 -3784 3800 -17532
-855 115 130 -3892 3856 -17496
-880 105 138 -3852 3776 -17236
-888 111 158 -3900 3804 -17540
-888 113 130 -3952 3796 -17516
-875 84 137 -3916 3916 -17520
-879 102 134 -4036 3620 -17424
-883 118 95 -3876 3764 -17492
-891 88 110 -3972 3796 -17488
-906 93 117 -3880 3788 -17428
-863 93 133 -3840 3740 -17636
-881 97 120 -3908 3812 -17648
-879 137 148 -3924 3820 -17524
-861 97 154 -3892 3848 -17484
-891 87 135 -3916 3756 -17560
-851 99 129 -3892 3792 -17504
-864 100 103 -3924 3856 -17560
-889 103 137 -3856 3864 -17508
-858 105 153 -3764 3832 -17576
-831 96 119 -3856 3768 -17456
-878 108 144 -3952 3764 -17548
-893 86 143 -3904 3828 -17440
-865 90 125 -3952 3812 -17452
-848 97 132 -4068 3732 -17508
-870 111 147 -3840 3924 -17568
-871 109 148 -4052 3816 -17488
-874 90 138 -3848 3788 -17700
-862 96 155 -3904 3804 -17572
-873 102 132 -3892 3752 -17520
-873 98 121 -3964 3804 -17540
-870 90 132 -3908 3800 -17476
-874 133 144 -3888 3584 -17556
-842 106 113 -3840 3760 -17608
-884 86 125 -3644 3784 -17576
-853 111 101 -3896 3764 -17508
-879 96 122 -3844 3764 -17568
-899 104 121 -3868 3828 -17584
-867 77 147 -3684 3640 -17912
-869 124 135 -3932 4036 -17468
-861 95 141 -3964 3832 -17524
-869 94 161 -3848 3800 -17512
-889 84 135 -3892 3784 -17420
-879 110 150 -4012 3936 -17548
-883 98 141 -3924 3856 -17516
-879 100 167 -3864 3704 -17608
-888 86 132 -3856 3708 -17520
-879 96 102 -3876 3764 -17536
-857 73 131 -3780 3868 -17584
-867 102 119 -3932 4036 -17660
-895 91 118 -3900 3712 -17528
-859 108 151 -3876 3732 -17568
-861 94 149 -3856 3808 -17660
-873 109 126 -3884 3832 -17544
-865 120 149 -3740 4036 -17372
-874 115 133 -3632 3600 -17532
-861 94 136 -3920 3608 -17680
-882 101 132 -3768 3928 -17292
-867 99 127 -3824 3772 -17456
-845 94 131 -3744 3900 -17484
-870 103 123 -3996 3952 -17260
-891 83 127 -3664 3668 -17500
-880 85 107 -3784 3756 -17508
-867 118 129 -4076 3616 -17612
-879 107 134 -3936 3804 -17456
-863 69 148 -3824 3844 -17476
-879 121 137 -3812 4036 -17608
-856 109 132 -3900 3780 -17540
-876 119 142 -3836 3716 -17540
-856 91 141 -3928 3824 -17196
-894 99 136 -4092 3800 -17436
-878 83 149 -3900 3744 -17480
-878 95 122 -3848 3848 -17592
-891 111 137 -3956 3800 -17508
-884 96 140 -3960 3804 -17456
-884 89 161 -3824 3676 -17608
-876 97 141 -3904 3784 -17660
-877 83 128 -3864 3688 -17612
-838 81 130 -3872 3772 -17612
-854 58 117 -3932 3824 -17496
-889 125 138 -3920 3840 -17552
-862 109 145 -3800 3912 -17536
-900 59 138 -3876 3768 -17488
-868 97 146 -3852 3800 -17480
-846 112 170 -3764 3848 -17616
-873 101 136 -3836 3784 -17536
-878 110 143 -4080 3860 -17632
-847 97 159 -3984 3728 -17504
-892 87 114 -3852 3804 -17444
-864 90 139 -3916 3844 -17524
-848 113 107 -3600 3756 -17520
-889 131 116 -3836 3816 -17456
-867 103 140 -3788 3784 -17584
-884 108 132 -3892 3756 -17492
-896 97 148 -3908 3828 -17388
-854 91 121 -3836 3952 -17612
-876 90 132 -3600 3748 -17516
-878 90 136 -3884 3820 -17592
-882 89 124 -3884 3676 -17556
-868 99 145 -3884 3804 -17468
-906 85 131 -3960 3756 -17664
-858 124 127 -4028 3844 -17476
-897 80 136 -4060 3796 -17456
-841 112 153 -3880 3860 -17632
-853 84 129 -4092 3596 -17476
-865 88 122 -3904 3600 -17472
-900 97 129 -3864 3776 -17468
-885 121 124 -3912 3784 -17372
-881 108 137 -3804 3768 -17560
-882 88 137 -3848 3840 -17460
-865 91 141 -3844 3824 -17632
-880 91 115 -3892 3824 -17596
-881 113 135 -3848 3660 -17532
-895 109 140 -3840 3788 -17544
-879 101 135 -3924 3836 -17568
-858 110 125 -3868 3864 -17548
-869 112 167 -3880 3848 -17584
-875 82 142 -3952 3676 -17428
-874 101 125 -3820 3908 -17552
-873 91 122 -4088 3784 -17608
-892 112 158 -3928 3820 -17476
-868 106 123 -4008 3788 -17656
-887 92 130 -3672 3776 -17640
-887 115 155 -3676 4088 -17184
-868 108 140 -3952 3852 -17428
-865 106 136 -4092 3840 -17552
-880 108 139 -3892 4044 -17484
-870 95 126 -3796 3804 -17548
-851 100 166 -3780 3820 -17536
-838 103 150 -3640 4044 -17580
-857 90 135 -3892 3748 -17616
-903 76 121 -4060 3620 -17492
-869 85 135 -3924 3588 -17540
-878 67 114 -3952 3648 -17324
-874 134 141 -3920 3752 -17424
-841 89 167 -3880 4040 -17604
-868 117 142 -3676 3832 -17636
-871 83 129 -3944 3816 -17548
-870 84 114 -4000 3808 -17468
-864 104 139 -3928 3884 -17580
-880 113 132 -3816 3908 -17456
-874 102 114 -3916 3876 -17544
-849 109 134 -4032 3804 -17500
-871 99 136 -3864 3812 -17492
-872 89 123 -3844 3824 -17456
-872 103 126 -3860 3752 -17604
-861 91 146 -3884 3748 -17440
-882 92 124 -3924 3816 -17528
-887 80 120 -3624 3868 -17596
-863 99 148 -3832 3760 -17492
-869 121 167 -3836 3816 -17628
-900 104 148 -3848 3868 -17644
-879 92 147 -3924 4084 -17572
-848 72 173 -3956 4008 -17500
-864 94 113 -3892 4036 -17620
-887 101 113 -3884 4040 -17444
-883 106 127 -3988 3756 -17660
-851 104 127 -3892 3708 -17576
-866 111 123 -3944 3748 -17584
-871 96 107 -3908 4052 -17524
-849 99 168 -3944 3696 -17632
-863 107 157 -3944 3896 -17444
-887 83 135 -3892 3812 -17556
-886 95 157 -3872 3824 -17484
-884 99 146 -3808 3804 -17544
-885 93 143 -3888 3784 -17484
-874 89 132 -3848 3824 -17488
-876 121 117 -3860 3600 -17544
-895 101 181 -3868 3828 -17468
-879 73 132 -3860 3892 -17556
-884 134 128 -4036 3772 -17404
-863 110 154 -3828 3952 -17492
-886 120 174 -3916 3864 -17556
-908 86 142 -3916 3776 -17484
-869 99 136 -3896 3784 -17456
-847 114 147 -3800 3788 -17424
-857 92 154 -3828 3788 -17468
-875 99 130 -3864 3584 -17580
-878 105 148 -3612 3904 -17456
-886 103 133 -3880 3896 -17536
-855 69 137 -3836 3680 -17588
-837 111 155 -3860 3796 -17552
-872 93 120 -4088 3836 -17476
-875 91 120 -3912 3596 -17184
-888 82 145 -4060 4000 -17492
-895 99 127 -3880 3788 -17780
-875 101 148 -3648 3772 -17520
-885 103 116 -3884 3584 -17564
-891 125 141 -3936 3792 -17536
-911 89 125 -3900 3788 -17480
-884 123 141 -3808 3740 -17492
-856 71 150 -3860 3792 -17484
-845 98 135 -3876 3880 -17540
-868 120 141 -3872 3788 -17528
-888 96 143 -3884 3800 -17496
-893 113 137 -3876 3864 -17584
-874 97 114 -3876 3788 -17600
-880 95 150 -3876 3796 -17472
-873 83 140 -3844 3808 -17532
-857 109 150 -3896 3804 -17472
-864 86 138 -3848 3848 -17552
-882 116 141 -4056 3760 -17660
-852 108 108 -3848 3760 -17436
-893 84 127 -3820 3608 -17488
-911 104 136 -3884 3620 -17596
-870 92 142 -3912 4056 -17496
-872 85 122 -3924 3788 -17616
-849 88 138 -4080 3972 -17568
-889 101 161 -3668 3816 -17348
-828 96 127 -3824 3852 -17288
-865 75 127 -3888 3816 -17436
-881 96 140 -3904 3744 -17500
-862 97 111 -3828 3896 -17568
-862 91 127 -3864 3824 -17616
-881 91 126 -3864 3852 -17556
-890 94 145 -3664 3768 -17500
-872 111 131 -3836 3776 -17436
-886 91 127 -3612 3756 -17500
-892 92 164 -3916 3820 -17588
-885 119 133 -3868 3788 -17484
-880 113 149 -3900 4068 -17456
-870 96 142 -3892 3840 -17536
-879 101 133 -3872 3748 -17528
-865 112 125 -3940 3856 -17624
-855 103 128 -3932 3864 -17520
-852 87 129 -3956 3828 -17600
-874 90 146 -3912 4084 -17392
-870 99 145 -3912 3672 -17652
-844 115 112 -3844 3912 -17796
-866 92 139 -3876 3908 -17616
-865 86 164 -3888 3880 -17460
-892 108 139 -3780 3832 -17564
-857 99 116 -3900 3792 -17552
-868 97 117 -3920 3868 -17564
-887 110 131 -3888 3744 -17472
-861 94 146 -3868 3792 -17456
-881 80 149 -3648 3784 -17492
-883 99 120 -3892 4064 -17428
-898 141 135 -3936 3808 -17556
-859 83 129 -4004 3804 -17520
-865 93 122 -4012 3756 -17580
-880 110 149 -3832 3848 -17560
-848 109 150 -3848 3868 -17484
-855 102 141 -3916 3812 -17568
-885 95 124 -3892 3880 -17908
-867 88 133 -3920 3728 -17480
-893 100 142 -3828 3776 -17568
-866 90 137 -3888 3760 -17576
-871 98 131 -3832 3856 -17536
-864 100 130 -3876 3792 -17544
-880 102 148 -3828 3784 -17448
-881 121 143 -4036 3820 -17468
-859 87 128 -3912 3740 -17520
-856 107 140 -3868 3992 -17436
-878 74 133 -3872 3736 -17652
-881 105 127 -3860 3840 -17608
-875 110 126 -4024 3876 -17560
-867 108 139 -3888 3800 -17460
-886 91 125 -3856 3748 -17572
-859 107 147 -3916 3748 -17480
-861 91 159 -3940 4064 -17556
-864 106 136 -3928 3828 -17332
-874 93 132 -3852 3828 -17632
-894 101 111 -3796 3764 -17548
-913 98 127 -3888 3772 -17548
-900 89 173 -3964 3672 -17644
-924 93 132 -3916 3772 -17552
-894 90 148 -3924 3756 -17496
-896 93 114 -4004 3880 -17528
-855 81 142 -3704 3652 -17604
-927 171 206 -4172 4024 -17612
-841 123 156 -3808 3832 -17552
-872 100 144 -3808 3812 -17504
-836 95 132 -3828 3812 -17480
-883 85 135 -3712 3676 -17560
-873 93 154 -3812 3792 -17412
-880 113 147 -3796 3844 -17536
-849 94 137 -3912 3816 -17556
-850 99 135 -3924 3792 -17592
-865 91 114 -3820 3976 -17664
-875 123 134 -3912 3720 -17544
-860 74 108 -3988 4064 -17564
-813 97 147 -3852 3828 -17592
-893 103 139 -3848 3624 -17572
-873 71 152 -3912 3784 -17588
-891 103 145 -3816 3904 -17644
-826 72 165 -3892 3936 -17488
-862 93 135 -3844 3864 -17504
-783 119 113 -3596 3776 -17548
-884 107 119 -3916 3732 -17416
-907 78 113 -3916 3824 -17444
-905 87 127 -3884 3752 -17504
-893 97 120 -3868 3852 -17496
-873 93 142 -3804 3792 -17608
-874 97 139 -3920 4000 -17544
-864 122 156 -3868 3844 -17420
-875 102 126 -3892 3820 -17448
-866 86 155 -3932 3824 -17620
-872 95 120 -3892 3828 -17496
-881 112 144 -3792 3860 -17516
-860 97 136 -3868 3792 -17484
-882 86 130 -3828 3856 -17592
-888 100 167 -3884 3740 -17452
-847 104 131 -3888 3848 -17456
-856 113 134 -3872 3584 -17424
-885 116 134 -3848 3872 -17440
-861 111 129 -4092 3856 -17424
-859 76 153 -3828 3720 -17532
-871 94 140 -3924 3860 -17560
-874 116 139 -3832 3852 -17516
-855 93 144 -3876 3584 -17508
-879 101 139 -3884 3728 -17548
-889 126 105 -3844 3820 -17508
-867 81 133 -3804 4056 -17440
-859 83 118 -3612 3740 -17492
-891 88 137 -3792 3828 -17588
-882 80 138 -3852 3820 -17824
-864 94 162 -3908 3748 -17580
-900 100 151 -4088 4020 -17644
-834 108 115 -3876 3868 -17508
-861 97 140 -3868 3784 -17616
-889 126 119 -3876 4028 -17572
-880 92 143 -3616 3804 -17548
-865 102 141 -3908 3848 -17484
-881 100 122 -3764 3804 -17576
-904 88 139 -3640 3828 -17476
-893 102 124 -3940 3600 -17576
-864 100 126 -3868 3840 -17552
-896 113 143 -4084 3716 -17592
-891 93 132 -3852 3852 -17416
-886 108 151 -3836 3716 -17536
-875 104 115 -3904 3824 -17528
-846 107 148 -3872 3852 -17576
-885 89 110 -3872 3856 -17464
-866 88 136 -3900 3740 -17516
-847 92 126 -3928 3832 -17564
-873 102 147 -3792 3816 -17588
-875 102 117 -3900 3856 -17556
-867 111 137 -3932 3720 -17496
-878 103 136 -3800 3784 -17468
-867 90 137 -3696 3788 -17460
-875 83 132 -3884 3720 -17488
-868 80 121 -3604 3864 -17440
-866 102 139 -3824 3796 -17548
-853 87 107 -3752 3596 -17556
-868 81 134 -3856 3724 -17540
-880 105 149 -3624 3908 -17468
-865 96 140 -3952 3864 -17612
-886 107 125 -3684 3804 -17556
-874 119 143 -3836 3836 -17464
-861 112 131 -3832 3892 -17484
-898 101 111 -3848 4068 -17436
-870 108 131 -3884 3772 -17604
-868 101 159 -3900 4076 -17880
-866 98 132 -3964 3776 -17464
-887 112 118 -4092 3756 -17424
-896 90 117 -3868 3844 -17516
-853 114 122 -3856 3784 -17536
-882 82 148 -3840 3784 -17656
-913 105 118 -3788 3876 -17632
-878 120 130 -3960 3832 -17452
-877 99 113 -3848 3784 -17664
-878 94 123 -3612 3800 -17532
-874 77 138 -3868 4084 -17524
-872 78 147 -3792 3764 -17552
-896 111 119 -3780 3608 -17464
-885 110 144 -3872 3840 -17508
-879 87 124 -3840 3612 -17488
-900 103 133 -3804 3768 -17384
-869 107 111 -3888 3764 -17456
-862 99 128 -3840 3800 -17588
-877 99 114 -3896 4092 -17476
-891 106 130 -3840 3768 -17496
-877 101 132 -3912 3616 -17556
-868 111 150 -3916 3784 -17588
-906 91 130 -3824 3840 -17524
-879 88 140 -3872 3772 -17492
-892 96 129 -4088 3832 -17608
-900 92 132 -3592 3708 -17548
-858 106 112 -3916 3776 -17528
-894 96 107 -3928 3780 -17552
-874 107 147 -3904 3856 -17664
-857 130 143 -3828 4048 -17840
-854 81 131 -3868 3772 -17544
-882 104 146 -3920 3748 -17516
-853 100 115 -3800 3868 -17500
-892 113 140 -3948 3780 -17464
-874 102 131 -3772 4044 -17536
-859 104 134 -3792 3748 -17592
-896 114 121 -3844 3760 -17420
-869 115 126 -3924 3768 -17560
-861 126 131 -3892 3800 -17484
-872 78 150 -3896 3844 -17488
-817 92 141 -3652 3868 -17584
-876 75 135 -3956 4088 -17504
-854 95 108 -3768 3844 -17480
-874 80 117 -3928 3840 -17512
-857 104 164 -3844 3856 -17572
-888 104 137 -3864 3780 -17532
-871 104 125 -3884 4072 -17508
-857 85 136 -3900 3880 -17516
-878 106 143 -3848 3800 -17436
-857 97 144 -3808 3740 -17628
-857 86 125 -3892 3840 -17524
-828 92 139 -3900 3876 -17448
-865 55 128 -3628 4060 -17800
-872 92 123 -3876 3732 -17644
-901 102 141 -3864 3824 -17472
-884 109 130 -4088 3788 -17464
-871 98 156 -3880 3800 -17636
-868 92 154 -3852 3844 -17540
-873 83 141 -4084 3900 -17516
-869 88 129 -3932 3852 -17572
-896 105 122 -3792 3868 -17424
-911 97 131 -3980 3820 -17540
-882 93 141 -3816 3784 -17464
-868 105 123 -3848 3820 -17480
-877 114 143 -3812 3748 -17476
-874 80 137 -3836 3840 -17552
-882 110 138 -3884 3892 -17616
-888 82 118 -3976 3784 -17680
-902 67 140 -3856 3796 -17528
-884 93 118 -3920 3824 -17508
-880 121 148 -3892 3772 -17572
-847 105 138 -3800 3752 -17544
-885 124 136 -4056 3936 -17488
-886 95 116 -3932 3768 -17656
-875 101 131 -3944 3760 -17516
-862 105 131 -3868 3864 -17576
-859 68 137 -3916 3864 -17440
-857 82 139 -3900 3784 -17584
-878 103 147 -3788 3808 -17660
-875 100 160 -3784 3880 -17528
-862 84 142 -3848 3784 -17492
-877 85 131 -3940 3864 -17716
-835 99 131 -3872 3832 -17568
-869 79 115 -3912 3716 -17452
-889 91 142 -3904 3824 -17556
-866 93 138 -3768 3792 -17588
-854 97 134 -4060 3864 -17536
-876 110 116 -3908 3872 -17600
-869 75 126 -3856 3816 -17664
-885 103 128 -3836 3752 -17524
-876 96 162 -3864 3764 -17468
-883 93 118 -3960 3888 -17620
-892 129 149 -3620 3844 -17516
-881 90 149 -3848 3756 -17600
-875 101 144 -3824 3800 -17596
-886 111 133 -3824 3788 -17548
-867 111 136 -3828 3856 -17388
-840 80 134 -4024 3840 -17176
-866 86 132 -3864 3728 -17524
-883 121 131 -3852 3840 -17464
-868 93 146 -3596 3912 -17604
-866 102 132 -3896 3756 -17208
-866 103 134 -4076 4068 -17452
-866 80 137 -3908 3824 -17568
-869 115 127 -3916 3856 -17560
-867 93 133 -3908 3820 -17692
-879 116 135 -4080 3816 -17620
-858 89 136 -4072 3700 -17468
-862 108 112 -3812 3812 -17480
-856 97 130 -3780 3584 -17436
-875 84 162 -3812 3756 -17508
-878 91 120 -3872 3800 -17660
-866 97 149 -3868 3804 -17556
-885 107 136 -3772 3652 -17536
-871 92 114 -3896 3740 -17472
-883 93 139 -3940 3744 -17540
-871 106 137 -3876 3824 -17600
-879 110 126 -3608 3768 -17284
-900 89 130 -3936 3776 -17556
-873 93 123 -3892 3772 -17436
-852 80 152 -3856 3864 -17736
-868 130 150 -3888 3848 -17568
-877 121 128 -3924 3776 -17548
-874 100 140 -3796 4012 -17612
-884 113 157 -3844 4044 -17508
-874 111 147 -3832 3860 -17516
-862 111 125 -3992 3800 -17500
-897 134 146 -3868 3812 -17612
-862 101 117 -3636 3776 -17584
-870 111 147 -3880 3776 -17560
-898 82 121 -3784 3832 -17404
-886 104 129 -3836 3784 -17624
-877 115 112 -4092 3648 -17464
-866 118 140 -3936 3844 -17436
-887 100 111 -3860 3712 -17540
-859 90 134 -3804 3832 -17412
-876 91 127 -3852 3840 -17632
-904 110 137 -3800 3768 -17456
-880 85 144 -3820 3584 -17600
-880 104 139 -3840 3776 -17488
-867 117 130 -3924 3776 -17560
-874 108 139 -3860 3748 -17512
-879 98 144 -3792 3840 -17468
-891 104 131 -4068 3780 -17560
-880 93 150 -3920 3768 -17604
-893 91 157 -3880 3852 -17552
-835 87 52 -3968 3996 -17276
-920 113 127 -3908 3808 -17500
-910 96 110 -3960 3736 -17500
-952 94 115 -3868 3700 -17544
-733 120 115 -3600 3784 -17384
-926 110 137 -3908 3832 -17308
-928 107 168 -3904 3648 -17576
-883 95 153 -3860 3900 -17632
-876 57 148 -3760 3620 -17476
-855 107 111 -3856 4040 -17348
-850 81 162 -3796 3760 -17464
-881 96 126 -3884 3780 -17460
-883 93 125 -3904 3892 -17528
-895 118 133 -4088 3640 -17464
-894 90 141 -3836 3784 -17580
-864 101 147 -3844 4044 -17344
-874 85 128 -3876 3740 -17404
-898 101 140 -3872 3748 -17528
-844 97 132 -3804 3848 -17560
-862 101 152 -3952 3764 -17520
-896 81 116 -3924 3876 -17456
-888 100 141 -3884 3836 -17508
-904 89 137 -3852 3784 -17540
-879 65 125 -3832 3708 -17544
-901 93 140 -3856 3872 -17552
-871 102 158 -3872 4068 -17436
-882 120 143 -3784 3804 -17688
-872 93 135 -3820 3788 -17724
-873 91 142 -4048 3776 -17588
-882 74 125 -3844 3780 -17476
-859 94 120 -3824 3760 -17608
-866 110 127 -3876 3840 -17664
-860 118 157 -4076 3828 -17408
-881 77 147 -3772 3728 -17504
-863 85 122 -3840 3600 -17480
-883 112 149 -3860 3744 -17556
-874 97 116 -3604 3768 -17576
-845 99 169 -3852 4060 -17700
-901 65 135 -3864 3584 -17536
-862 90 122 -3932 3608 -17552
-864 94 152 -3912 3984 -17448
-883 74 129 -3804 3816 -17384
-851 120 149 -3812 3808 -17576
-908 95 130 -3848 3748 -17580
-871 78 148 -3960 3836 -17524
-855 87 132 -3716 4064 -17520
-845 94 127 -3920 3864 -17508
-869 82 152 -3876 3892 -17712
-876 94 118 -3844 3816 -17516
-869 87 160 -3872 4084 -17880
-861 93 139 -3896 3800 -17472
-871 105 107 -3824 3816 -17544
-880 98 161 -3836 3760 -17564
-888 102 145 -3928 3824 -17500
-863 96 102 -3860 3856 -17548
-869 102 135 -3868 3724 -17504
-859 75 147 -3636 3872 -17516
-862 122 148 -3884 4064 -17484
-870 117 119 -3788 3780 -17688
-872 107 124 -3604 3804 -17628
-873 85 148 -3892 3856 -17600
-872 93 138 -3812 3824 -17612
-887 100 140 -4092 3796 -17492
-870 98 146 -3860 3836 -17600
-854 104 142 -3876 3784 -17444
-890 93 132 -3612 3600 -17464
-902 94 120 -3856 3812 -17580
-872 115 107 -3896 3588 -17552
-886 121 120 -3680 3772 -17516
-873 104 118 -3960 3872 -17568
-881 128 132 -4040 3892 -17552
-907 100 132 -3628 3836 -17340
-881 113 138 -3776 3784 -17660
-860 95 152 -3916 3652 -17644
-884 108 128 -3596 3840 -17772
-863 86 141 -3860 3900 -17824
-852 75 142 -3868 3832 -17640
-875 87 146 -3860 3764 -17476
-877 81 151 -4044 3708 -17676
-887 110 116 -3976 3756 -17472
-896 104 131 -3876 3868 -17552
-856 109 140 -3824 3768 -17408
-855 108 129 -3944 3816 -17504
-847 101 138 -3812 3748 -17408
-863 97 140 -3600 3748 -17528
-858 104 143 -3824 3812 -17636
-852 82 155 -3640 3784 -17532
-874 88 124 -3816 3860 -17380
-863 94 140 -3816 3772 -17488
-870 80 125 -3824 3804 -17608
-874 107 137 -4048 3828 -17504
-903 91 129 -3640 3808 -17512
-898 99 141 -3924 3832 -17620
-870 127 126 -3876 3788 -17260
-857 114 150 -3844 3924 -17612
-898 95 127 -3824 3808 -17592
-873 98 127 -3992 3708 -17760
-873 93 136 -3816 3840 -17568
-892 81 135 -3852 4088 -17568
-863 100 146 -3820 3612 -17480
-855 114 136 -4096 3744 -17552
-869 95 147 -3788 4092 -17440
-846 109 146 -3884 3772 -17380
-906 107 144 -3816 3784 -17464
-848 103 108 -3836 3836 -17508
-866 91 142 -3876 3888 -17548
-865 78 153 -3840 3796 -17612
-885 79 126 -3900 3656 -17664
-875 95 122 -4084 3604 -17480
-880 90 141 -3936 3856 -17548
-866 107 128 -3888 3828 -17568
-853 122 121 -3788 3720 -17476
-853 101 141 -3776 3684 -17532
-872 78 136 -3928 3592 -17500
-857 95 118 -3848 4072 -17572
-887 97 126 -3840 3760 -17548
-906 102 139 -4092 3864 -17492
-858 111 133 -3836 3872 -17620
-889 117 135 -3872 3768 -17528
-858 103 139 -3948 3832 -17600
-852 72 154 -3900 3744 -17532
-884 126 124 -4096 3636 -17448
-874 87 136 -3816 3868 -17628
-876 96 130 -3988 3860 -17456
-892 91 156 -4088 3860 -17564
-864 101 140 -3808 3820 -17560
-875 113 168 -3876 3800 -17556
-866 89 122 -4080 4084 -17480
-892 109 128 -3740 3596 -17608
-881 77 121 -4068 3652 -17456
-873 96 144 -3832 3836 -17576
-860 103 140 -3896 3628 -17640
-846 75 135 -3912 3636 -17640
-897 90 128 -3840 4068 -17516
-852 97 132 -3832 3804 -17488
-900 76 149 -3860 3812 -17556
-860 117 144 -3908 3808 -17560
-866 75 116 -3860 3908 -17384
-862 86 120 -3816 3776 -17424
-868 102 132 -3908 3996 -17628
-891 105 115 -3836 3800 -17444
-865 117 132 -3832 3672 -17412
-857 74 135 -3784 3788 -17540
-888 117 134 -3884 3928 -17528
-883 81 130 -3748 3796 -17716
-863 105 151 -3788 3892 -17428
-870 92 155 -3860 3820 -17548
-877 105 149 -3840 3772 -17508
-913 91 155 -3616 3776 -17504
-872 110 139 -3948 3748 -17476
-884 112 134 -3760 3784 -17576
-879 87 138 -3896 3780 -17428
-876 89 128 -4048 3712 -17436
-899 92 142 -3848 3880 -17200
-873 85 144 -3604 3760 -17660
-865 98 121 -3824 3804 -17660
-857 87 149 -3824 3888 -17676
-828 85 123 -3788 3836 -17528
-895 92 115 -3820 3992 -17680
-858 124 136 -4048 3820 -17644
-872 100 149 -3904 3836 -17488
-873 87 149 -3988 3884 -17540
-849 106 128 -3860 3816 -17544
-904 124 144 -3780 3784 -17552
-871 125 150 -3920 4088 -17412
-879 76 146 -3828 3860 -17536
-894 70 124 -4088 3884 -17412
-900 103 144 -3740 3828 -17516
-870 106 124 -3920 4044 -17600
-856 88 129 -3872 3844 -17564
-862 86 133 -3896 3832 -17524
-863 75 133 -3636 3772 -17484
-853 94 132 -3812 3660 -17600
-857 104 143 -3912 3836 -17524
-885 104 115 -3832 3772 -17552
-867 87 144 -3768 3624 -17508
-853 105 121 -3912 3852 -17492
-889 105 133 -3924 3864 -17524
-852 98 135 -3952 3828 -17568
-849 95 130 -4032 3728 -17572
-864 89 166 -3864 3828 -17560
-887 82 136 -4048 3804 -17508
-862 105 125 -3808 3780 -17572
-900 117 149 -3844 3772 -17588
-891 84 155 -3860 3676 -17532
-898 89 142 -4092 3816 -17508
-877 110 154 -3936 3864 -17496
-858 106 153 -3816 3864 -17536
-880 98 144 -3820 3796 -17588
-870 87 153 -3856 3788 -17552
-868 82 122 -3640 4048 -17564
-840 105 150 -3872 3800 -17536
-875 88 120 -3824 3856 -17572
-864 116 147 -3884 3824 -17440
-863 108 144 -3848 3808 -17408
-886 117 130 -4056 3828 -17560
-814 102 146 -3696 3804 -17528
-878 92 132 -3772 3848 -17504
-890 94 117 -3792 3756 -17624
-883 74 142 -3628 3880 -17492
-861 88 138 -3864 3796 -17644
-882 99 116 -3604 3760 -17472
-869 95 129 -3832 3844 -17552
-889 108 145 -3900 3900 -17548
-864 117 131 -3872 3824 -17376
-855 97 158 -4060 3828 -17600
-854 112 139 -3784 3764 -17600
-877 99 136 -3876 3732 -17520
-849 95 153 -3876 3792 -17496
-874 88 135 -3624 3824 -17504
-885 100 153 -3880 4084 -17648
-886 110 146 -3856 3764 -17624
-850 111 128 -3812 3600 -17588
-863 93 116 -3860 3788 -17588
-857 119 148 -3708 3780 -17544
-878 91 147 -3836 3808 -17572
-869 108 157 -3796 3856 -17576
-853 119 129 -3848 3784 -17552
-840 89 158 -3932 3884 -17532
-865 110 130 -3896 3772 -17544
-843 112 127 -3876 3864 -17452
-867 87 154 -3868 3804 -17568
-853 100 139 -3920 3760 -17644
-876 98 139 -3808 3724 -17580
-879 96 136 -3776 3804 -17560
-859 120 133 -3908 4064 -17256
-883 104 152 -3788 3736 -17484
-877 94 140 -3836 3776 -17532
-874 92 155 -3844 3868 -17432
