-289 1128 -1352 -588 3936 13740
-915 -458 333 924 3936 14236
-464 -261 -316 1876 4284 15124
-2598 421 -1779 1568 4260 16444
-3761 1258 -2786 1016 1180 14488
-966 2127 -3169 -1048 912 15116
833 872 -2038 -2040 2488 13776
2344 672 -1506 -404 4208 12488
3910 952 -1485 -988 5696 13744
3559 -553 -198 -844 7764 14364
1185 -819 132 500 7896 14948
-943 -101 -486 -344 7552 15188
-2836 -397 -191 -1160 5880 12892
-2836 -1593 830 -1068 5852 11956
-903 -2494 797 720 5184 12540
216 -2169 16 2084 6880 13052
-101 -2299 -37 2720 7704 14872
-2341 -1750 -181 3216 7984 14236
-5615 -1342 -508 3452 6224 14632
-6729 559 -1659 2916 2944 14140
-5038 1025 -2055 696 2176 13968
-5480 374 -1720 1268 5672 14036
-9013 -457 -402 968 6564 14832
-12245 -1434 1602 1104 5432 12756
-16020 -2076 3171 2444 4016 11168
-17225 -1438 1851 4104 -11272 15820
-6636 -276 -1919 2768 -20552 15156
5833 155 -4457 2052 -10936 13980
7849 318 -4183 1276 -3916 13792
5707 -204 -2672 1304 -2744 14292
5887 -343 -1526 2116 -1620 14796
6035 -82 -1222 1580 -2268 14272
6324 -25 -685 1788 -1132 12656
7525 247 -514 1728 -1156 13824
9194 409 -423 1556 1504 14052
9149 546 202 1616 4468 14724
8904 -416 1106 1084 2688 12468
10923 -1319 1742 2476 5236 13404
11984 -1113 754 3388 9896 12140
9698 -1634 -147 2668 11376 11608
4339 -950 -984 3440 13976 11432
967 211 -2062 1772 11676 10680
49 -546 -1728 -460 13464 10792
-2866 -1511 -185 916 12936 9560
-4620 -1699 590 2656 12620 9788
-6216 -868 1105 3064 13388 10728
-8584 -199 2075 2980 11888 10240
-10972 547 2467 3512 10432 12824
-12971 1942 2046 3292 8600 14940
-14795 2612 1593 1836 5476 10968
-14901 2228 1890 904 776 12384
-11763 1402 1341 616 -4672 12848
-7802 839 714 1128 -2676 14688
-8815 628 457 1332 -2904 14812
-9772 811 292 1100 -6892 12300
-7832 396 388 1260 -9656 14284
-3690 271 -139 1108 -10104 15940
-2453 867 -541 904 -10296 16884
716 333 -1055 228 -9568 13752
4221 44 -1567 916 -7500 15972
9258 -93 -2287 1696 1360 18256
2734 492 -998 -968 -4516 7112
280 -173 673 384 -5644 10656
7147 -329 -433 428 -536 14880
11937 -153 -589 -684 -1764 15080
10103 397 10 -592 4752 10604
9592 -1415 1927 -2468 -1728 12348
14604 -3885 3036 2520 9180 14984
8946 -3093 2713 2964 9116 10760
1318 -196 1104 2184 9688 20028
1960 -1531 1371 1112 652 13276
9198 -1031 -1528 808 5320 12108
9279 481 -1779 328 10056 12784
7254 -704 820 184 10864 11808
5228 -1129 2475 1332 13376 10844
-527 -1213 3282 1820 14384 10080
-2350 -1107 3509 2860 10512 11068
-916 636 2242 4560 9272 10736
798 3027 1360 2816 10316 13624
1873 2635 2284 1532 10480 11480
-403 1460 3080 2264 11892 8124
-185 845 2879 4164 14572 11144
-1549 2443 1584 3664 16332 9452
-8672 3305 2423 2308 15084 6492
-10454 2639 2469 1360 10536 10020
-8837 1891 1182 2532 10488 13396
-12257 2875 603 2696 10156 12864
-17219 3662 828 1916 6320 10152
-18442 4503 227 1212 680 12868
-16020 4960 -1209 -260 -3080 12524
-10876 3419 -1900 -1760 -5836 14852
-8295 2871 -2224 -1352 -3276 15296
-8955 2367 -2151 -2660 -4604 14088
-7902 384 -1421 -1992 -3016 14936
-6234 -947 -870 -1852 -5772 13976
-5916 -2204 331 -1448 -8496 14284
-1629 -2530 899 48 -10632 13576
2045 -2390 1039 516 -7320 14492
1688 -1983 1733 888 -6232 13608
1902 -1310 1952 1276 -7200 15128
3154 -563 1283 1624 -5624 15264
3622 -98 1235 1532 -4364 14056
1815 694 642 1456 -1032 14332
-662 1020 78 456 -4776 13200
1839 150 -713 232 -7448 15124
3968 869 -2022 804 -5440 14032
5334 1477 -2122 -256 -4356 14460
5544 1458 -1524 -660 -2100 15224
5339 471 -404 -812 -1380 14808
6403 -269 122 -628 828 14056
7851 -913 86 -596 4604 13672
6639 -751 690 372 10116 13396
1494 -1407 2275 -32 10608 14248
-2192 -2462 3422 2228 8856 14872
-4671 -340 2085 2904 6556 14496
-5742 196 2132 1376 2392 11708
-3685 158 1603 1748 348 13908
-1973 -22 1601 2096 -872 13476
-836 452 1303 1760 -1696 13896
-1479 1866 275 1364 -2588 15824
-2029 3162 -793 -68 -3164 15256
973 3778 -1541 -1892 -2792 17060
1533 2211 -758 -2344 788 15140
510 -218 1493 -544 1552 14332
-1233 -903 1940 420 1144 15760
-1442 -186 674 628 772 15784
-830 116 -10 -160 1028 15248
-1420 286 -97 -680 560 15260
350 -997 797 -868 16 13472
1273 -2148 1691 1100 2700 15288
964 -1740 1656 1452 2432 14132
1299 -1337 1865 1064 2576 13264
1405 -642 1418 1620 3744 14052
570 353 572 1124 3428 11868
44 447 136 184 5084 14536
-1556 173 -175 -36 5508 14916
-4380 -569 312 -380 6188 13048
-5356 -778 790 260 3932 16252
-4358 -405 551 -524 776 14668
-3394 -847 1044 60 2036 13344
-4148 -648 1436 -264 5060 14276
-6913 -1864 2468 -1940 6708 12400
-15487 -3085 4974 -744 9740 10868
-26841 -4260 7406 2216 1492 4944
-28743 -3214 6017 6264 -17412 8848
-15869 825 1919 6024 -28612 9324
-12 1175 436 3548 -18228 11468
1402 788 1220 3592 -13308 10752
1161 886 1371 5036 -12168 10908
1315 3179 -386 4788 -11456 9760
-973 5015 -2120 2572 -11596 9768
232 5219 -2720 1120 -15656 9924
4006 4877 -3256 1108 -15712 10784
6526 4334 -3460 120 -14600 12056
9042 3560 -4665 -36 -11924 12392
10597 3847 -6265 -732 -8912 12544
11648 3259 -5378 -2252 -5888 11144
11875 1400 -2821 -1756 -2928 11272
11278 165 -946 52 -4 12332
9331 494 -397 796 1856 14124
6857 1687 -1383 508 4692 14988
3377 2760 -1939 -956 3248 13488
3895 1232 -555 -1568 3324 12112
5305 366 765 -676 5144 13296
5525 297 812 -740 6572 12876
3814 -800 1882 432 5700 13992
4479 -813 1686 1604 3812 13620
6067 205 746 2024 4676 12392
6590 364 465 1476 6144 13088
6881 551 -121 2148 8160 11956
7051 820 -724 1184 10320 12200
4714 871 -252 348 13180 10720
550 354 326 -464 14572 11448
-2722 271 59 -356 13756 10228
-5948 -494 392 -88 12732 10584
-6794 -189 279 472 12244 12228
-8219 -692 621 448 11804 11036
-11119 -326 1121 1328 11148 10580
-13168 321 1186 1276 9812 13112
-15413 655 1130 804 7688 11472
-18151 295 1290 1120 6172 10492
-22509 827 1249 1456 3200 10608
-22804 1024 193 428 -5636 11224
-18513 605 -913 368 -8452 10596
-15789 -651 -1707 572 -11848 13496
-12615 -653 -2221 1524 -14420 11420
-7355 -662 -2164 1228 -15860 10520
-4001 -1300 -797 1976 -13708 10952
-2776 -1328 621 2296 -14636 10800
218 -1279 1787 3052 -15176 11540
2529 -424 2027 3560 -16168 11116
4889 568 1354 2904 -15876 10612
9021 376 366 2248 -14592 11764
11459 661 -545 3028 -11232 12160
11809 1330 -1459 2236 -8196 12036
10898 2275 -1940 1416 -3688 13008
8957 2310 -2695 -888 -3912 13184
9272 1379 -2869 -1212 -2724 12148
10724 168 -2905 -1080 -1480 13796
11152 -277 -2200 -704 1092 13396
10343 -860 -737 -136 4300 13432
8719 -1503 469 616 5204 12468
7764 -1407 609 1440 6504 12940
6304 -719 406 1660 7948 12984
4879 -561 379 1348 8960 12880
2219 -1171 727 1368 9800 13232
-376 -1248 672 2280 8844 12996
-1541 -1023 220 2412 7748 13128
-2701 -558 -240 2440 8268 13660
-4994 -31 -239 2052 8600 13376
-6599 -309 93 1920 7344 12976
-8020 -563 201 2296 7840 12756
-11358 92 68 2748 8404 11504
-16022 911 172 2776 7388 10500
-21907 2049 -4 2548 5540 9328
-27063 3381 -135 1400 -3480 8920
-24372 3342 -1533 -756 -16364 12228
-11462 947 -2158 -1600 -23800 12004
1818 -1668 -2011 92 -15480 13288
3187 -1475 -857 1736 -10260 13176
3586 -1045 -322 1844 -9652 11856
4336 19 -557 1868 -11164 11152
8094 -112 -326 1920 -7208 10604
10167 -712 331 1620 -7336 14044
10128 -619 162 2292 -4188 10576
11060 -961 -46 2248 -5552 17308
11665 -458 -466 3120 -1004 12388
13438 937 -1868 2200 2368 18340
9427 1533 -1836 804 5192 11972
8076 715 -1028 756 4780 11428
7567 -421 -172 412 6324 11956
7987 53 -1659 924 7948 12996
6529 -274 -2170 -912 9980 13956
2128 -1284 -1271 -292 11996 13724
-1843 -1210 -830 212 9280 11684
-2505 -32 -855 -620 9324 11700
-4175 -481 1165 -1628 9240 12928
-4397 -2185 3824 -336 7036 12240
-3210 -2710 4799 1940 6764 12996
-3402 -1370 4419 3068 5868 13516
-2413 468 3259 2104 4900 13388
-1733 751 3212 1460 5408 13960
-2553 434 3772 1328 5552 14328
-4398 386 4400 1880 3496 13768
-3900 987 3765 2028 1316 14176
-2180 2397 2620 1340 1912 15424
-1540 3491 2052 172 3232 15776
-2214 3515 2623 -1244 2036 15356
-682 2675 2836 -1852 1684 13556
1450 1186 2594 -1896 3284 14312
3188 -245 2534 -848 5240 13992
3299 -110 1870 -176 7384 15120
1451 -144 1705 -684 7460 14032
398 -724 1480 -732 7332 13160
-1387 -188 1616 -928 7788 12776
-3964 268 3234 -1052 7560 15220
-5975 322 5360 -716 6992 15636
-9135 343 7210 188 8576 15136
-15520 597 8081 1384 8756 12900
-21187 1077 7856 1056 4320 9792
-23796 864 6835 672 -1760 10912
-21868 901 4476 2668 -12748 13340
-8941 1800 2079 2044 -23820 12172
7864 971 287 2248 -12232 12900
10663 2590 -1397 2356 -5036 14664
7253 3151 -2781 836 -2296 15536
4387 2049 -2986 900 -5428 13804
5859 1616 -3546 1328 -6400 13692
7794 1831 -4217 1312 -3660 14472
9011 1762 -4344 816 -700 14468
7714 1598 -4534 540 2120 15440
5128 1226 -4456 696 1280 14664
5336 875 -4111 552 2684 12888
4121 682 -4314 640 3464 14608
3614 -377 -4056 956 3700 15484
3027 -18 -4988 1400 4788 13880
1217 -421 -5395 1152 4668 14884
665 -1237 -4951 1900 3540 14316
1438 -884 -5551 2424 4472 13492
743 -192 -6009 2184 5884 14236
-605 165 -7990 1736 4884 13064
-375 240 -11941 1760 5816 13988
-2982 -997 -12839 788 9416 13860
-10466 -2769 -11019 1212 13924 12544
-19995 -915 -7422 1796 10544 9828
-22057 -869 -1604 928 32 12404
-18570 1271 1135 -384 6716 9684
-23552 338 2873 -368 2068 7636
-26294 -359 5265 -480 -2292 8804
-25477 571 5415 -188 -19016 12176
-9768 363 1641 -708 -28672 10912
4350 -376 -22 448 -16780 11688
6652 932 -926 728 -12868 11448
8919 684 -1418 -1248 -12260 10508
11188 -979 -766 -208 -9900 13308
11532 -1312 -796 788 -7568 13268
12169 -1154 -960 1376 -6164 12736
12910 -813 -1391 1904 -2716 13852
11698 516 -2074 1496 28 13416
10637 1526 -2732 520 8 13576
11481 539 -2144 324 1160 11068
12615 -780 -1506 952 2740 13596
12274 -500 -1243 2072 7104 14372
5998 135 -406 1824 10452 13992
272 -331 301 1616 8800 12688
-2606 -460 489 1996 7176 12968
-2966 -156 -45 2428 6016 13952
-3242 540 -720 1356 4948 15032
-2905 -656 -82 1096 5440 15948
-3461 -363 -113 1924 4664 16268
-4556 1108 -678 1044 4480 15156
-5240 1193 -313 356 4360 12024
-5390 1194 4 188 4416 14256
-4827 502 458 -440 2560 12124
-3091 -476 612 392 2644 15180
-2470 -497 136 776 2868 14152
-3553 715 -637 208 2548 14116
-2979 732 -639 -892 1732 15000
-2356 -143 42 -1332 452 15272
-2212 -1647 1366 -672 -784 15096
-959 -2449 1670 336 736 14600
-3097 -2626 1799 1072 2564 16968
-5313 -2721 1395 1108 1932 15228
-8061 -2474 851 1456 2764 12100
-11363 -2166 243 2728 3396 12700
-14720 -213 -1376 3672 3264 11244
-16438 1651 -2300 3768 -1676 11436
-14170 3717 -3319 2364 -14048 17584
301 2096 -3774 -1636 -15196 14724
7954 -980 -1084 164 -3276 13228
4305 -1403 2553 1600 2908 14104
1174 -1155 4189 1764 -7244 15404
6615 8 3567 828 -9792 14124
9380 222 3111 712 -5452 14448
8148 73 3408 452 -2616 14676
6180 -263 3376 520 -2108 14508
5421 1237 1849 920 -1404 15872
7275 3239 -248 -1036 -3384 13468
9285 1920 474 -1976 -1060 15940
10382 575 1734 -1984 1232 14752
9415 -1608 3099 -656 6644 14516
4783 -1618 2772 1672 8684 14880
1419 -1219 2673 720 7700 12796
-290 -2184 2768 1888 7776 12300
-1875 -1832 2100 2792 8012 13160
-2564 -433 874 2956 7104 14144
-3036 1901 -272 2124 7844 14512
-4354 2027 -617 648 6444 13176
-4713 1411 -301 600 4576 12680
-3668 1114 -203 868 4340 13384
-3125 812 292 1204 4340 14928
-3674 732 780 1840 3756 15484
-2562 1329 345 1948 2316 14948
-2518 1773 125 828 2468 13444
-1821 669 662 1184 1964 14316
-1101 587 552 1112 1768 14960
-685 -20 854 1680 1872 15340
-191 402 422 1936 2432 14312
-906 739 18 1804 3408 15236
-3476 615 39 1884 4068 14236
-4372 514 -303 2448 4476 14412
-7820 822 -377 1612 3400 13280
-11579 1364 -375 1348 1560 14988
-9543 2895 -1379 -176 -4508 16116
-4488 3810 -3199 -3304 -6028 16892
-281 1357 -1994 -5036 -4988 14508
2743 -1513 -249 -3128 -772 14788
1367 -2495 2847 -1640 240 14604
366 -2725 6341 -672 20 13408
-803 -2520 8611 -152 -260 13720
-756 -2346 9037 -488 -2728 15068
784 -1884 8301 0 -604 16168
-1081 -1821 8593 580 976 15956
-4660 -643 8981 488 -2652 12912
862 -882 7243 -216 -4504 14428
3698 -1047 5700 184 2528 15780
-415 -29 5774 60 3732 16368
-2683 279 5625 -1524 -1084 13888
386 -898 4425 -944 -2048 15256
1025 -330 3800 -172 1944 15492
-2859 1169 3278 -1948 468 16156
284 -517 2721 -2200 -248 17476
-1052 -382 3709 -2188 2120 16784
-4715 -2027 7220 -3184 -2932 13100
-389 -4299 7225 16 -4964 11800
3336 -3479 5056 944 -496 17056
2273 -2060 5208 1752 2644 14384
130 -1021 5728 1656 2720 15408
-1241 276 4837 788 580 14480
195 -197 3786 64 208 15128
786 -235 3754 480 1088 15320
144 730 4409 -152 1444 16848
-481 2641 5317 -292 1676 16588
-3107 3579 7512 -3124 -308 15652
-1209 -842 9123 -3860 -4844 15036
2219 -2185 8070 -88 -1268 14488
2208 -1519 7199 1520 2644 14728
3 895 6904 180 1720 14964
-658 795 6830 -1524 -356 13916
661 28 6554 -1324 -412 14688
666 220 6124 -1316 984 15452
489 -201 6158 -1828 776 15964
647 -2298 6759 -1524 672 15448
2192 -5295 6684 -204 292 13584
5127 -7353 5958 2840 2764 14432
6257 -7015 6904 5464 5452 13556
3146 -4932 8970 7296 7472 15008
-1643 -354 8032 6120 6592 14812
-4528 2760 7008 3324 2792 14320
-5530 3021 8395 2308 684 13160
-7302 2166 8735 1392 756 14288
-5779 507 7789 520 -3180 16004
-1386 -2644 6661 248 -5028 16808
926 -3206 6567 3540 -740 15724
-819 -1834 7336 2576 -940 13932
-126 -1898 8231 2312 -4272 14888
1674 -1639 8217 2608 -4852 14028
3300 -1526 8069 3104 -3692 15404
4177 -1804 8314 3492 -2612 15668
4516 -925 9166 3928 -3148 15384
5417 -877 11039 3804 -2040 15240
5488 -1744 12676 4744 -624 14120
4542 -2799 12307 5900 100 14284
6376 -2491 9947 6988 656 13292
6326 -949 8559 6960 1808 13696
5171 1140 8728 6164 1604 13472
5506 2972 10476 5304 2096 13764
5186 3432 12065 4404 2716 14216
4077 4825 10628 3224 5644 14244
1220 4406 10242 920 3788 13576
-113 2763 9967 -1100 4556 13400
-892 514 10475 192 1972 14048
750 1583 11846 1320 1228 14420
3489 3053 14642 2764 3272 15812
1651 4326 15514 928 5344 15544
-913 4338 13158 -620 3560 15128
282 3591 11205 -820 508 14664
1585 2602 10501 80 2916 15192
1081 2823 9181 -280 2884 14664
868 2312 8312 -748 3516 14404
1279 1243 7596 -264 3264 14312
734 558 6513 420 3988 13760
425 -238 4849 340 3792 12944
111 -773 3350 1180 3484 14644
-134 122 2430 1320 4392 14812
-1172 799 2460 776 3748 14120
-1350 1381 2385 504 3492 14332
-1128 1190 2801 -384 2700 14996
-220 897 3379 -592 2924 14720
45 197 3675 -116 4128 14744
-811 111 3815 644 3588 14540
-893 634 3489 1104 3460 15036
-1062 1229 2927 308 2348 13500
-410 746 2528 -192 2632 14596
-366 266 2217 344 2920 14300
-88 298 2618 172 2636 15092
715 -706 3072 -16 700 14284
2138 -762 2346 1112 3744 14132
1210 -1277 2156 564 3828 13904
-329 -2047 2398 1796 4340 13916
-944 -771 1669 2736 5488 14168
-3711 929 1178 2888 4124 14740
-3631 2513 1161 2040 3308 14712
-3777 3179 2402 572 2608 14352
-3816 3127 3042 112 2180 13896
-4955 3451 2340 308 2708 15280
-6254 2961 1883 -692 2124 14520
-7340 2256 1471 -300 1420 13656
-8135 3783 740 1488 -36 13684
-7050 5619 2502 320 -4868 14080
-449 6760 4430 -3104 -7260 15072
3263 4212 5480 -7076 -4704 15204
6225 1177 4490 -9060 -3216 15096
8259 -3230 3996 -10232 -1844 15156
8973 -7092 4058 -7188 1184 14836
6823 -8627 2168 -3380 4656 13696
4014 -8716 93 -372 4288 12876
3483 -8101 -858 936 2940 12556
4563 -7224 -1197 2808 5260 14028
2286 -5121 -962 4716 8372 13776
-1261 -2294 142 6452 9016 14120
-3984 776 473 4388 6788 12912
-4057 1569 1290 3568 5276 12712
-4420 1769 1280 4020 4940 12788
-5042 2559 588 4236 4924 13368
-6080 4186 -1660 2756 4148 14500
-7066 4997 -1437 684 1680 14268
-5377 5667 283 -1184 124 14872
-3159 4486 1478 -4080 -980 16172
-616 1997 1889 -4288 -460 15924
-294 -31 1977 -3196 1108 15480
-436 -424 1264 -2076 1260 14320
-128 -918 1295 -2352 940 14940
311 -1656 637 -2352 780 14788
952 -2611 -1095 -2216 240 15456
1766 -3475 -3237 -2776 -516 15372
4122 -6169 -8594 -4192 -552 15572
6526 -10739 -20186 -2796 1776 14048
5561 -11879 -29669 1344 8788 13000
-822 -10361 -32768 3476 10012 12488
-4141 -8960 -32768 4476 9656 12088
-7823 -6800 -30956 5912 9540 12468
-12402 -3446 -24903 5400 9060 12024
-16423 -2471 -20221 5028 6756 12564
-17905 -536 -15130 4420 3344 13332
-14235 1652 -12966 5832 -3172 13376
-10759 4125 -11526 4556 -3128 14964
-7735 5052 -9245 3196 -6992 16068
-1326 5782 -6772 328 -7788 14148
2601 4642 -4027 -612 -6976 14652
4237 3199 -3333 -1936 -5988 14864
6697 1103 -2157 -1372 -5716 14472
9739 79 -2192 -576 -3912 14984
10520 -154 -2903 -1016 100 14836
9053 -934 -2291 -424 3368 13836
7594 -951 -896 108 4616 13176
8013 -123 -1144 -96 6820 13844
6284 -608 104 -1312 8132 12808
4446 -1954 1574 -520 7984 12412
3308 -2770 2805 696 8468 12924
76 -2824 3622 2100 10856 13516
-5423 -1892 3413 3404 11400 13364
-11691 -306 3154 2852 10768 12432
-18964 671 4036 2424 9096 11452
-26113 1912 4168 1720 3956 9300
-29021 2367 2833 788 -6728 7916
-22204 1065 -500 1448 -16240 10500
-11294 800 -2315 2804 -22960 12308
967 1387 -2816 2180 -17448 12716
4731 2074 -1296 1680 -12460 12480
7117 3247 -988 968 -10140 13344
9532 3692 -1625 -436 -8508 13568
13641 3026 -1971 -1540 -7472 13576
16786 1536 -834 -1188 -3920 13128
17883 341 451 -844 232 12300
16239 -838 1149 -320 4948 11792
11974 -865 939 584 9656 13200
6263 -1187 145 -476 11092 13132
984 -2055 868 664 11556 12488
-4659 -2310 1889 2160 9904 12468
-7596 -1227 1939 2772 8292 13104
-9703 -274 2163 2500 7428 13084
-12956 81 2940 2780 6872 12584
-16197 711 3680 3460 3904 13320
-16879 2111 3086 3012 -4080 13604
-11155 3017 720 2528 -11420 14320
-3076 2866 -1935 1304 -13480 15604
4900 2942 -3322 992 -8052 14384
6896 3098 -3337 112 -3744 14396
7645 2637 -2919 -952 -2112 13520
9662 1788 -2253 -804 -528 13688
10091 1238 -2263 -1460 384 13868
12262 -600 -2422 -2144 2232 13468
11676 -1999 -1771 -1188 6424 12656
5729 -2339 -1052 -292 13188 13004
-2507 -1790 -600 -56 10936 14064
-6774 -1683 -815 -644 9488 13096
-10267 -1838 -667 -676 8512 12000
-13400 -2212 325 -344 6268 12772
-15142 -3273 1734 -640 4324 11988
-17966 -4983 3733 648 2560 11480
-19853 -5346 4141 3032 -5492 13312
-12072 -2446 1842 5436 -18064 14184
3062 217 -2502 4348 -13192 13800
6470 1883 -3407 2412 -4444 13420
4556 1027 -1866 1160 -4624 14288
4751 129 -393 1908 -4180 13932
5830 -422 488 2040 -5124 14688
10540 -573 620 2196 -5772 11300
16288 -669 554 2964 -2572 13764
18867 -194 443 2976 836 13012
17252 805 -542 3120 9968 11440
5930 -976 -769 -1020 15296 13864
-4081 -3407 -486 2020 14396 13404
-11384 -2271 25 4172 11404 12364
-17652 -452 1675 4604 9172 12132
-22913 1420 3133 3680 5136 10064
-25831 1983 4526 3400 -4076 10488
-16276 3677 3418 3280 -15628 13296
-219 3301 862 252 -18404 14532
10390 1172 -263 1420 -9120 14624
15766 827 -394 1380 -4836 12396
17294 459 17 1196 312 12500
13638 52 656 1516 7884 13832
2407 290 1314 2048 12464 15352
-9444 1420 587 2008 10144 13776
-16048 1709 -83 804 4696 12108
-17141 389 -739 4 -544 12808
-12732 -395 -2888 244 -8676 15436
-2668 -890 -4389 784 -11536 14984
7006 -1462 -2887 1868 -10052 14484
13546 -1276 -1041 2504 -4980 12896
15146 -447 563 2344 464 13208
9348 712 1595 3252 11748 14884
-4106 2213 1989 2468 8920 14336
-10877 2266 2684 1372 5104 13300
-12765 934 2656 360 444 13196
-9177 -850 1475 540 -6988 15816
1690 -626 21 2156 -9744 15272
11137 272 -302 1740 -5848 14252
14150 537 646 1564 -908 13868
13638 965 1061 1428 6256 13140
5709 -777 1561 -1080 10648 14768
-5341 -2290 1387 1936 12240 14460
-12721 -1776 -380 2672 8300 11608
-17179 -820 -1368 2568 3848 11580
-17824 -145 -1655 3320 -1440 12628
-11663 1787 -2693 3696 -9416 14308
1105 2515 -3281 1964 -13416 14264
15077 2265 -1959 1764 -8428 14292
21255 2217 292 1116 -312 12676
18123 1578 2426 1236 12572 11844
2603 1747 3028 1836 13848 14548
-7888 1877 2513 800 11152 13896
-15011 1322 1566 392 7044 13576
-18282 194 1539 460 2200 12572
-16674 63 638 1016 -4440 12548
-10183 194 -220 748 -8348 14720
-4260 -890 200 920 -10440 14572
4643 -1218 1053 1636 -11936 15060
14471 58 751 1968 -4596 13004
10905 990 959 880 5800 13844
1752 861 2184 1260 9344 14308
-6526 2061 1337 1072 6608 12804
-10206 1760 55 -156 3940 13428
-12207 -92 -2030 -316 592 12488
-9225 -1333 -3769 -580 -9476 16144
5636 -432 -3853 944 -18156 13820
21213 -598 -2143 -868 -5116 11352
17754 -524 1100 780 14472 14324
-4968 1314 3167 836 16352 13792
-13455 1424 3857 -920 3980 13336
-13809 317 2300 -1660 -868 12232
-11423 -1478 237 -2472 -6824 15496
-4089 -3280 -1011 -872 -9632 14944
2338 -3055 -1111 696 -4088 14204
572 -2047 -103 1140 2076 17748
-6086 -1402 2061 60 2268 13456
-10910 -2050 5229 -416 2536 13324
-19633 -2283 7983 -288 3164 8792
-24824 -2495 8178 -1072 -4868 7176
-25281 -3555 2663 4816 -22420 12284
-7182 5076 -13691 7828 -32768 10272
18370 8861 -11527 -216 -20600 9164
20377 6333 -1885 -1876 -7804 7500
16151 1878 5330 -2444 -1460 9528
10710 -2072 7687 580 -1252 13444
6211 -1625 6468 1832 -376 14824
2469 -144 2529 1404 -3544 15760
2227 -170 294 824 -4812 13288
3439 -1161 2823 1964 -4744 13624
4304 -659 4482 3800 -5284 13048
4590 -312 3998 3336 -4132 13848
4370 289 2848 4592 -1644 16276
2348 4076 -356 3604 1032 13192
-1208 5365 -2115 -300 1628 12836
-4097 1997 -341 -1004 4068 16272
-8075 215 1282 820 3360 13576
-10518 658 1676 1276 1160 12896
-10531 1680 1050 640 -4584 15272
-3357 1728 -837 -8 -11532 14368
5151 586 -1594 -600 -8380 15488
9693 -837 -645 560 -4588 14132
10598 -423 -239 1532 -2476 13780
10105 -182 -111 1052 -128 12720
7176 178 -4 1392 2572 14776
2568 448 -288 1228 3876 15388
-3049 254 643 1080 5092 14596
-9549 422 956 2028 2844 13900
-15095 987 1375 2120 2744 14144
-19275 1594 1429 596 -2940 12604
-17558 1266 396 -272 -10056 12988
-6953 -174 -1229 -624 -17608 14980
5977 -1083 -1506 808 -14004 14104
11171 -799 -887 1380 -5240 13876
10219 -390 255 1524 -1972 13764
10907 -182 1167 1600 -2508 14244
12682 334 1235 1524 -472 12728
13171 741 814 1020 1320 13524
9000 -255 557 1328 10804 14660
-2845 -494 -227 2000 8744 14372
-8627 -832 303 1432 5824 13696
-12427 -714 465 1892 3484 12740
-13734 -111 176 1592 900 12248
-13485 17 -204 1672 -1064 13792
-12279 -211 -496 1220 -3352 13328
-10588 -371 -664 1832 -8772 15544
-1107 378 -165 2288 -19676 15448
17326 1043 647 1376 -13440 10520
21943 450 1570 700 -2192 11716
17735 -128 1262 1048 5212 12572
9684 658 123 1436 7024 14520
3968 698 9 752 6796 14300
-303 714 245 520 5120 12440
-1902 455 91 976 6144 14372
-5593 522 296 628 6628 13908
-10724 448 499 724 6908 13840
-16635 1363 111 764 5832 13828
-19465 1108 -417 -716 -24 11360
-18271 -589 -1506 -1288 -7424 12296
-9356 -2224 -1955 -372 -14640 15288
946 -2254 -837 1188 -14000 14792
9073 -1664 584 1552 -9492 13900
14445 -836 1855 1992 -7252 13876
18526 -249 2508 1628 -3120 12360
18671 497 2531 884 3004 12708
12806 24 1485 1212 10068 12620
4934 162 698 1300 10448 14688
-1817 -7 1166 1712 10928 13808
-8714 846 1096 1880 9808 12988
-14573 1563 718 1668 8060 12204
-18371 1741 264 808 4084 12468
-20100 1464 -330 456 504 12716
-18945 465 -1746 -904 -6500 13132
-11454 -1854 -3009 72 -13956 13836
-87 -2098 -2903 1780 -13636 14184
6380 -1163 -2454 2432 -8452 12900
9726 -812 -1835 2000 -6628 12576
12064 -638 -1270 2476 -4316 13208
12612 -75 -776 2740 -1452 13196
12273 383 -559 2792 832 14828
9154 751 -1203 2336 5028 14900
4776 24 -2505 2008 3832 14124
3025 -530 -2403 2436 5620 14812
315 346 -2437 3344 6520 14516
-2307 1286 -2104 2596 6468 13356
-6026 1985 -688 2764 7528 14384
-10655 2970 691 2336 6144 13364
-12804 3856 1442 1676 3516 13696
-13586 5131 -206 484 -2196 14376
-6027 2184 -3344 -1864 -7888 15900
389 1123 -4373 -156 -2532 15968
-647 1216 -3380 -236 36 14968
-1837 828 -1716 -608 -3752 14152
5917 371 -752 -412 -7452 14420
10845 232 -554 32 -2192 14332
11971 421 359 -124 1748 12856
10201 -171 724 -500 3888 14148
7444 -220 789 144 6728 14584
3868 -52 338 -68 6420 13348
1245 -566 132 -364 8208 14732
-4427 -1052 927 -8 10088 14264
-10185 -1555 2164 -60 8812 12392
-14968 -1858 3379 440 7168 12564
-17132 -1942 4298 652 3220 12624
-18113 -1442 4505 1388 -392 12144
-15552 -1647 4138 1164 -9040 13908
-4643 -1513 1890 2236 -15788 15328
6328 -514 -811 2400 -8116 15992
7900 -698 -1222 2180 -3900 15376
9494 -282 -1553 2356 -3936 13328
11993 91 -1706 2192 -1468 13384
12379 483 -1836 2344 2016 14204
9546 559 -1821 2032 5448 13068
4809 -130 -1178 2072 7600 14324
-499 111 -655 3152 7732 13620
-4498 1121 -839 3040 7988 13736
-9616 2249 -620 2428 8164 14308
-15021 2666 174 2112 5612 13112
-17185 3287 507 1764 1556 12664
-14401 3092 -340 -412 -4628 14516
-5969 615 -1776 -776 -10440 15816
1684 -260 -2148 532 -7120 16008
6691 -262 -1862 1612 -4908 14408
9894 391 -1545 1840 -2612 14904
12839 873 -1706 1104 -1412 12648
14332 747 -1984 920 2012 13152
12064 321 -2151 484 5444 13132
9526 -702 -1642 548 8284 12820
4909 -1251 -935 1188 11108 15688
-2938 -1032 -163 1160 11928 13944
-8274 -983 105 1224 9548 13032
-12490 -270 -242 1708 8716 12156
-16764 532 -456 1732 7344 13056
-19451 1173 -1002 1324 2536 12732
-15763 745 -1632 268 -9524 14848
-661 -109 -3382 -68 -15448 15624
11772 -280 -4006 352 -6160 13300
15436 348 -3123 312 -216 13712
14325 1025 -1609 -216 5672 13712
4884 395 0 -1788 13028 14820
-5823 -1492 2199 -1364 9444 13112
-9727 -2370 2310 156 6680 14352
-12259 -2003 2182 684 4768 14156
-15414 -2326 2384 804 3416 17136
-16386 -2709 1383 808 -7916 14704
-3354 -2614 -689 2648 -17648 13572
10943 -1127 -1311 2816 -9120 13512
17329 -67 -793 2640 -2420 12064
17154 -432 625 2088 2132 12004
13905 -828 2167 3072 6568 12524
9431 325 1505 3464 7572 12456
5337 1339 1054 2604 7892 9852
6262 573 961 1932 6524 25852
2207 2097 -66 2100 10040 20216
22 1908 69 900 11748 9640
-9861 729 1459 360 5184 484
-8717 -752 2514 2976 3076 9440
-4868 187 272 4952 8924 17464
-4427 3901 -2871 1268 7280 11624
-10415 -1003 949 -1556 3992 6484
-5540 -2677 2577 4820 2816 10924
-116 3255 -498 3548 12248 16272
-9031 1848 894 -2120 15356 12580
-22460 -3351 4041 1960 9636 9548
-28644 -2509 3461 6852 -2020 8772
-26430 3644 195 6564 -7264 6740
-24245 7733 -3398 3012 -12724 7140
-19358 6722 -5741 -688 -23728 10176
-4816 3069 -7608 -1380 -27896 10228
5048 919 -7259 280 -18268 9576
9245 -91 -4672 2072 -14612 11632
11750 213 -2370 3372 -10612 10720
10821 1873 -1453 2872 -8776 12148
11330 2297 -748 1796 -9240 11944
12738 2171 -159 1184 -6208 11940
13672 1466 181 796 -4656 13088
14555 562 1122 1460 -1908 13336
13324 687 1964 2012 868 13796
11505 1184 2088 1252 3064 12588
8992 -354 1403 708 3084 13828
9499 -1763 612 1064 3568 13532
10809 -1907 -61 2496 6352 12644
9739 -1031 -228 2288 7720 11028
8479 -705 390 2056 9248 11260
7412 -675 951 1496 12316 11708
4140 -1145 1874 1688 14184 9528
730 -1527 2700 2624 14952 9104
-3153 -1156 3018 3316 14212 9436
-4770 -583 3177 4252 13504 9816
-8447 578 3385 3876 13740 9368
-12407 1252 3552 4576 13368 11060
-16847 2149 3840 3772 12656 10576
-23696 3812 4248 3956 10796 6532
-31246 6222 4522 2248 6684 3044
-32768 7653 3222 336 -4148 3680
-32768 5959 -2989 -672 -32768 6308
-4519 4901 -3395 -2488 -32768 9784
9486 1217 -3147 -1436 -15840 10492
9711 578 -1042 -752 -7776 11336
5431 -196 318 -996 -4400 11724
461 -1437 1338 -724 -5660 11636
-126 -2392 1854 -80 -8996 13712
2434 -2697 1579 904 -8072 13724
2551 -2539 1537 1200 -9304 12864
5120 -1886 1443 2252 -8384 13252
8340 -670 857 2008 -6220 13756
8451 -351 1071 2008 -2932 13544
6449 364 1177 1896 -1356 15216
6276 576 988 872 -1304 13384
7138 25 1370 956 520 14392
6055 187 1506 1192 3492 14692
5186 504 1230 1104 3700 13792
2231 450 1318 -256 4300 14612
1988 -868 1547 528 2900 14168
3964 -373 555 736 2100 15504
3767 306 743 -156 3272 13768
4560 -934 2067 76 3300 14952
5424 -1186 2668 996 4904 14528
4198 -985 3469 1424 5788 13764
3105 -685 4076 1812 5708 12764
3744 -774 4192 1780 5772 13040
3685 -1336 4638 2476 7512 13960
1089 -992 4170 3208 8596 11388
-2044 -1323 3826 4068 10568 14632
-7319 -363 2555 4752 10572 13880
-12644 1640 1476 4720 8436 11164
-18162 3621 1362 2712 6100 11324
-21597 3618 1975 2016 4156 10456
-24952 3593 2103 1324 2640 10552
-28438 2497 1772 516 -8132 10440
-19546 985 -176 616 -24460 9736
2820 1488 -2260 2284 -22276 12816
8863 3361 -2252 1744 -11564 14292
8564 4256 -1860 -160 -9588 13052
9818 3092 -881 -1056 -9032 12288
11433 1671 -98 -1156 -4744 12392
8353 726 500 -768 -1904 13964
5292 -676 1631 -460 -3456 15296
6677 -1043 1971 932 -3120 14148
9171 -1263 1986 1976 -3192 14864
12182 1008 583 1904 -256 15440
13433 2814 -1188 548 3796 13064
11983 2377 -1491 -1572 8320 12208
6356 120 1143 -1840 13292 12656
646 -2141 3206 -968 12120 12248
-2797 -1878 3146 1776 12120 12264
-7501 -210 3022 1652 12184 11512
-13463 613 3685 1188 12104 12476
-19071 977 3855 356 8192 11284
-22516 870 2772 -360 2128 9872
-22975 -138 863 -628 -2784 10548
-19697 -2531 -1030 372 -13964 14592
-8463 -1737 -2484 3360 -20504 13892
3846 651 -3071 2788 -16040 12928
8023 1941 -1451 2400 -9088 12900
8411 2402 -222 1128 -7096 12152
8348 1883 646 788 -6068 12308
9514 862 1480 1068 -5244 13752
10981 137 2198 1628 -3684 14732
12716 -126 2059 1564 -1060 13696
12961 -1078 2215 2084 2396 13288
10255 -347 1547 3776 8020 13208
2884 2889 -558 2600 7612 13544
1129 3380 -1206 -188 8532 12932
-1353 1062 -316 -980 9380 13128
-5416 -842 749 360 10040 13156
-9590 -867 699 1764 9476 13224
-13334 -149 477 1612 7428 12440
-17068 90 689 1916 5184 12184
-20198 253 -144 180 -4368 12252
-11422 -1896 -2252 748 -15680 15404
2467 -1206 -2790 3832 -11576 15552
7218 889 -1481 3076 -6604 13620
8989 1680 -155 2104 -4904 12712
10545 1815 727 1908 -2748 13152
10742 2510 520 1524 -544 13832
9708 2503 593 916 2404 15248
7143 1164 1929 424 3060 14700
6073 -102 2478 888 3740 14728
6361 -1074 2101 1452 5164 14308
5121 -1047 1267 1940 5612 13336
5159 -802 -331 2224 6216 12488
6706 -797 -1470 1392 5928 12016
8576 -1581 -1768 1200 6804 12064
11269 -2563 -2090 1124 9284 10704
10066 -3186 -1856 452 13576 8772
5812 -4297 -858 1944 18008 9464
-1300 -4085 -222 3560 17872 8672
-5266 -2930 -80 3908 16772 9676
-10380 -2053 1032 3612 13648 10036
-14917 -1054 1873 4640 13168 9276
-18540 568 3223 4836 11956 11820
-24093 2478 5334 3576 10096 9024
-31907 4339 7033 3260 6856 7244
-32768 5567 6532 2052 -6764 4016
-23842 4441 -96 -432 -31288 11004
1131 2269 -5480 -616 -16344 13808
3808 -288 -5526 32 -11756 13964
7724 -1598 -3013 1932 -12832 11244
15861 -1685 -1761 3000 -9280 11876
17653 -1029 -916 3120 -3640 12812
19298 -542 -596 3252 -1224 11840
22005 858 -1014 2308 3560 11356
18755 1022 -306 -672 16472 8268
3970 -2448 2120 2560 22120 13996
-11729 -468 2362 2296 15432 8668
-19358 -74 2511 3004 10536 6752
-22553 786 2038 3920 8908 10348
-23669 2846 1311 3312 1676 10252
-24275 4277 827 2536 -4308 10432
-18093 4929 -343 900 -18328 14052
2304 3241 -1423 -1532 -27752 14728
21519 -294 -1800 -1304 -16104 11176
26054 -1367 -13 972 -1436 10220
17388 -632 1485 2220 9808 13044
1287 962 2118 1732 17572 12864
-11890 1774 2780 1024 7956 12736
-16373 1370 3137 304 4312 12900
-14421 45 2671 -332 -11052 17048
5725 -366 713 1196 -22988 14328
23466 355 -470 48 -3044 11140
18096 -886 476 -612 20972 12220
-7082 -832 2216 2204 22332 12376
-18298 981 1274 948 4376 10012
-14350 3 -763 1280 -8992 15172
2122 580 -2539 868 -18848 15408
14763 149 -1618 1768 1860 23492
1411 3420 2650 2956 23412 13492
-16334 3982 4837 -956 1472 10292
-5366 691 3548 -3260 -20724 21420
14374 -764 131 -964 -4180 14952
9626 -2161 59 792 18508 14872
-11729 -979 1429 1056 7384 12628
-9935 -1599 1033 1428 -2564 12780
4328 -807 -1167 1168 -20960 14696
18443 -1673 -1923 876 1472 14484
6077 -403 508 4084 19792 15488
-1557 274 166 2256 -6044 12400
16693 -283 -903 1100 -7092 7744
23602 -1810 -1349 1616 12640 10136
5794 -1914 -485 1052 19316 15788
-897 -3292 -824 2092 16388 10604
-9078 -1916 -592 5596 16248 6944
-16138 1556 452 6916 16476 12832
-21283 5522 892 3716 9920 9932
-24425 5832 1671 1552 5436 8936
-25423 6162 1321 1492 244 9920
-21148 4583 -1326 -1876 -13380 16264
-3586 797 -4836 -1888 -26596 14652
19982 -2214 -6188 -1172 -15936 10504
25480 -2522 -5717 2040 -2752 11724
19184 -687 -4835 2224 8724 12880
6781 -140 -4952 2156 11892 13640
-5476 -164 -3043 2180 12192 12868
-11864 -351 -1608 2732 7440 12640
-15013 -16 -1096 1904 2188 13528
-11238 -611 -1158 1932 -7328 15120
4387 867 -2318 2608 -14380 14080
19301 2196 -3311 1388 -1820 12708
20038 2308 -1895 1064 16204 11336
970 1006 992 240 20828 12828
-8356 482 1890 848 8508 12248
-8777 428 1134 652 4268 13084
-3762 -578 1115 608 -3596 15852
6710 -551 287 1352 -1972 14652
9004 -684 -256 2108 8896 13436
-8422 385 1368 2824 20136 14384
-18084 906 1178 2108 7888 10316
-18578 759 238 968 -2188 10816
-5923 -136 -464 2484 -16760 16560
9808 -226 -388 2252 -1104 15512
1941 896 1087 3268 19772 14912
-18833 2886 1870 1980 4632 10064
-12392 1477 -293 188 -21712 19008
15471 45 -5061 -816 -17152 12728
21015 -924 -5450 624 4440 13076
7234 -617 -5286 336 12264 15264
4252 -1849 -7601 240 1032 12564
5816 -3110 -9701 636 7092 14656
979 -2572 -10539 724 7696 14452
-1783 -4186 -10130 956 6948 13604
-2104 -3833 -10363 2120 5488 13164
-632 -2972 -10456 1680 5128 12088
1192 -3404 -10481 1492 5392 14156
1895 -3204 -11261 1356 6576 13656
99 -3200 -8735 1424 7884 12984
-608 -2515 -5804 2812 7320 12752
-1239 -810 -3279 3024 7972 12972
-3282 1182 -1013 2552 9608 11620
-8150 1114 4424 1576 12432 14204
-14197 798 10121 1572 9320 11788
-19001 1044 13625 1276 8508 11092
-27603 912 16656 700 4816 9048
-32768 1495 14750 3736 -14112 12188
-15380 7289 4106 2748 -32768 11424
9617 5257 -3218 -2988 -18168 10416
11917 1875 -3969 -1492 -7436 10348
12836 804 -3449 340 -4692 21808
5633 1252 -3455 -1792 -1140 13256
-882 105 175 1536 2356 -18212
-885 85 136 1468 2232 -18460
-867 123 76 1428 2300 -18396
-934 102 138 1492 2332 -18508
-873 75 77 1428 2496 -18388
-926 82 105 1408 2164 -18628
-907 99 143 1528 2548 -18408
-877 87 172 1708 2404 -18364
-895 107 151 1492 2272 -18220
-864 103 103 1484 2148 -18388
-820 130 121 1532 2240 -18232
-819 115 184 1428 2336 -18448
-844 155 118 1424 2224 -18504
-853 98 171 1524 2408 -18388
-805 59 181 1352 2052 -18356
-814 54 186 1436 2284 -18356
-818 80 164 1488 2224 -18608
-856 82 160 1580 2060 -18248
-844 101 90 1412 2224 -18196
-853 92 75 1468 2248 -18320
-843 97 64 1540 2132 -18352
-925 79 115 1352 2236 -18476
-904 91 140 1436 2308 -18476
-919 106 120 1500 2144 -18388
-917 88 94 1412 2344 -18480
-939 95 146 1492 2240 -18480
-885 109 91 1488 2236 -18368
-912 124 94 1452 2212 -18356
-920 129 67 1384 2060 -18536
-893 125 87 1440 2096 -18328
-892 169 117 1428 2252 -18472
-900 126 137 1420 2496 -18608
-884 159 125 1516 2268 -18520
-904 171 124 1440 2196 -18572
-881 124 127 1428 2072 -18300
-871 122 140 1516 2340 -18496
-918 143 161 1640 2312 -18440
-866 158 78 1288 2224 -18572
-951 183 42 1632 2224 -18544
-951 190 58 1500 2336 -18304
-882 198 155 1452 2112 -18216
-853 105 159 1496 2240 -18464
-810 71 204 1532 2256 -18492
-800 112 201 1596 2492 -18380
-782 106 163 1492 2280 -18412
-790 94 176 1424 2208 -18392
-802 50 267 1280 2228 -18632
-810 -16 295 1376 2284 -18488
-887 50 252 1552 2260 -18296
-840 81 203 1748 2144 -18228
-785 90 155 1568 2260 -18476
-853 97 119 1424 2200 -18508
-814 80 103 1468 2076 -18408
-846 94 98 1392 2072 -18308
-885 146 119 1536 2152 -18588
-893 136 126 1388 2164 -18256
-891 190 128 1412 2248 -18488
-942 152 150 1476 2172 -18384
-876 194 202 1600 2340 -18332
-903 148 175 1280 2268 -18408
-906 166 138 1324 2200 -18472
-937 108 112 1428 2248 -18496
-949 78 6 1540 2264 -18516
-953 137 30 1744 2160 -18452
-1077 152 -32 1568 2124 -18300
-1109 357 -113 1344 2248 -18324
-970 523 349 1300 2420 -18280
-790 406 391 1404 2488 -18436
-736 481 296 1500 2364 -18400
-875 367 363 1720 2392 -18524
-894 291 241 1936 2096 -18416
-1028 161 132 1984 2004 -18212
-892 11 195 1432 2516 -18352
-793 187 144 1884 2372 -18600
-1251 337 -10 1496 2440 -18364
-1175 414 255 1776 2232 -18220
-1042 152 336 1556 2324 -18104
-941 755 902 2104 2532 -18692
-835 579 1046 1656 2436 -18372
-1177 425 1185 1932 2620 -18448
-1209 473 1221 1940 2508 -18248
-1207 216 1096 1972 2452 -18308
-1186 437 1280 2136 2524 -18284
-860 367 1807 2396 2116 -17808
-338 -98 1147 2708 2704 -18640
-871 -512 445 2748 2452 -18320
-633 238 430 2632 2224 -17908
-379 -30 135 1740 2604 -19048
-1118 -951 -471 2196 2336 -18468
-802 -511 -424 2312 2144 -18140
-528 200 -265 2448 2396 -18356
-801 527 -529 2200 2248 -18416
-692 593 -553 1928 2232 -18264
-465 727 -474 1980 2080 -18216
-41 335 -660 1688 1980 -18072
170 -470 -912 2548 2352 -18452
-656 20 -204 2368 2348 -19200
-821 139 -119 1628 1792 -18360
-937 -175 -302 1852 2088 -18496
-1031 -50 -223 1752 1932 -18172
-898 25 71 1876 1968 -18132
-684 -145 72 1688 1972 -18728
-267 251 198 1824 1988 -18072
-357 -13 -104 1724 1796 -18356
-1136 -268 88 2580 2320 -18656
-1098 147 120 1836 1780 -18244
-973 -278 191 1824 1588 -18488
-1066 -142 -108 1684 1816 -18264
-995 -249 17 1672 2276 -18484
-1124 -169 -219 1728 2120 -18340
-934 -147 -49 1716 2060 -18504
-925 71 74 1700 1964 -18288
-950 232 135 1692 1984 -18308
-893 5 -48 1664 2104 -18572
-833 -82 -225 1808 1996 -18560
-763 9 -20 1644 2228 -18240
-797 268 379 1556 1784 -18568
-798 382 538 1540 1872 -18500
-864 74 119 1776 2256 -18512
-814 270 155 1760 1888 -18416
-1000 442 355 1660 1856 -18592
-1105 399 428 1840 2012 -18376
