-1169 190 425 -5436 3164 -18680
-714 -440 394 -5260 3976 -16872
-288 -492 -121 -5360 3928 -17236
-608 -399 -374 -5020 3976 -17184
-1139 166 -191 -5136 3924 -17304
-1668 484 357 -5608 3716 -16968
-1614 599 691 -5504 3684 -16852
-1168 361 652 -5540 4076 -17024
-863 166 462 -5292 4496 -16960
-1016 14 222 -5324 4328 -16996
-833 102 29 -5056 4128 -16988
-849 86 -96 -5288 3936 -16988
-749 121 -15 -5220 3988 -16724
-715 70 207 -5372 4208 -16972
-681 81 277 -5328 4224 -17152
-790 108 258 -5232 4016 -16964
-830 119 158 -5152 3940 -17172
-903 131 108 -5084 4060 -17056
-930 131 35 -5308 4104 -16956
-969 91 68 -5256 3868 -16924
-896 33 65 -5532 4132 -17040
-925 48 96 -5148 4004 -16796
-893 110 118 -5156 4064 -17016
-895 113 157 -5292 4008 -16904
-911 110 139 -5376 4048 -16912
-840 83 129 -5492 4032 -17068
-847 146 236 -5140 3992 -16952
-854 162 230 -5240 4064 -17028
-823 116 221 -5264 4064 -16908
-894 143 180 -5160 4072 -16984
-784 46 222 -5320 4080 -17088
-663 -68 140 -5336 4104 -17152
-704 -93 -78 -5204 4128 -17048
-838 -119 -82 -5268 3908 -16824
-939 -44 -119 -5180 3796 -16920
-984 -19 4 -5296 3828 -17028
-1004 114 50 -5396 3944 -16740
-903 144 158 -5404 3980 -16872
-725 101 249 -5508 4272 -16904
-670 78 276 -5364 4088 -16976
-641 85 276 -5216 3788 -17000
-679 161 289 -5152 4048 -17004
-806 195 164 -5208 3992 -17056
-844 69 148 -5304 4060 -16992
-780 -28 70 -5428 4000 -17032
-739 31 94 -5412 3892 -17080
-766 24 101 -5260 3896 -17028
-922 107 105 -5412 3868 -16984
-956 70 43 -5404 3844 -16920
-1091 174 153 -5368 3956 -16896
-973 161 229 -5404 3828 -17044
-889 96 211 -5508 4072 -16920
-908 147 121 -5416 3956 -16936
-951 219 230 -5360 3944 -16876
-813 180 277 -5384 3992 -16968
-866 141 205 -5260 3920 -17044
-848 151 189 -5224 3892 -17032
-897 78 177 -5184 3908 -17000
-936 117 99 -5348 4044 -17016
-911 55 119 -5324 3932 -17032
-866 91 109 -5624 3936 -16944
-876 96 137 -5140 3992 -16960
-896 139 161 -5316 3956 -16704
-930 103 213 -5296 3892 -17032
-885 91 194 -5268 4012 -16808
-943 117 137 -5268 4016 -16944
-874 84 145 -5400 4024 -16980
-887 116 166 -5320 3944 -17096
-888 118 135 -5340 4036 -17152
-924 140 197 -5316 4044 -17088
-873 87 142 -5260 3896 -17068
-875 134 181 -5292 3944 -17028
-880 63 80 -5624 3980 -17080
-862 90 120 -5288 4036 -17108
-820 82 138 -5304 3880 -16980
-807 52 111 -5320 4024 -17060
-832 69 102 -5280 4004 -16996
-839 102 135 -5340 3892 -17008
-830 46 114 -5328 3936 -17072
-826 34 70 -5584 4016 -16992
-830 33 99 -5276 3828 -17012
-859 89 145 -5364 3596 -16912
-876 92 173 -5276 3864 -16956
-929 102 179 -5312 3904 -17032
-924 119 163 -5320 3960 -16904
-943 102 194 -5280 3884 -17068
-914 119 153 -5344 4004 -16892
-880 112 181 -5404 3968 -16888
-903 98 158 -5276 3968 -17092
-890 120 152 -5332 3984 -17112
-913 89 185 -5304 3952 -16932
-879 110 138 -5376 3824 -16940
-884 106 167 -5328 3904 -16812
-942 156 144 -5612 3964 -17084
-952 147 127 -5244 3956 -17096
-913 51 82 -5336 3944 -17148
-909 65 36 -5312 4020 -16936
-909 84 137 -5284 3948 -16892
-882 108 180 -5456 3980 -17056
-882 85 180 -5328 3968 -17028
-934 111 140 -5320 4004 -17040
-907 96 142 -5356 3884 -16972
-865 108 111 -5140 3988 -17004
-881 118 185 -5436 3868 -16940
-866 140 183 -5316 3896 -17020
-832 87 196 -5368 3936 -17304
-835 99 141 -5276 3904 -17112
-878 88 98 -5292 3868 -17048
-792 99 128 -5404 3924 -17132
-815 73 189 -5344 3876 -16908
-685 96 164 -5384 4016 -17096
-718 102 222 -5448 3976 -17028
-809 -36 36 -5320 3924 -17052
-908 39 -70 -5140 3696 -17132
-962 62 96 -5296 4028 -17016
-993 50 111 -5428 4020 -17068
-973 -8 111 -5496 3980 -16656
-937 -12 145 -5488 3880 -16884
-881 -43 187 -5348 3860 -16844
-784 19 163 -5356 3852 -17000
-937 44 182 -5456 3932 -16924
-955 84 83 -5556 3896 -17100
-1020 104 78 -5388 3856 -16848
-951 145 191 -5508 4028 -16844
-844 159 200 -5852 4016 -16876
-799 134 230 -5620 4064 -16864
-848 162 257 -5356 3996 -16776
-873 150 267 -5552 3884 -17060
-883 146 181 -5212 3872 -17004
-907 103 155 -5412 3964 -16924
-893 132 135 -5332 3952 -17072
-962 67 135 -5348 3972 -16668
-927 81 93 -5432 3984 -17028
-958 63 116 -5420 3864 -16940
-925 83 87 -5496 3624 -16672
-915 95 144 -5420 3896 -16748
-916 125 133 -5404 4008 -16960
-865 95 145 -5392 3928 -17120
-840 91 144 -5496 3904 -16844
-876 67 128 -5328 3924 -16952
-924 114 130 -5452 4032 -16868
-882 107 133 -5180 3952 -16860
-820 38 345 -5496 3936 -16940
-926 77 286 -5404 4048 -17132
-990 48 171 -5280 3884 -16992
-943 91 96 -5600 4008 -16996
-971 83 86 -5616 3952 -16756
-971 88 19 -5464 4068 -16868
-895 27 95 -5520 4180 -16860
-822 49 108 -5508 4052 -17152
-786 75 167 -5372 3924 -16928
-848 31 156 -5356 4100 -16960
-792 68 103 -5404 3968 -17128
-834 119 105 -5392 4024 -17148
-834 133 144 -5500 4020 -16856
-826 87 117 -5524 4032 -16888
-829 121 106 -5492 3940 -16816
-817 71 212 -5468 4004 -17004
-891 106 141 -5456 3900 -17048
-824 74 82 -5412 4004 -16808
-844 62 58 -5504 3996 -16860
-853 66 58 -5568 3952 -16844
-914 107 162 -5524 3996 -17024
-925 98 198 -5408 3952 -16864
-911 132 176 -5476 3996 -16964
-979 131 167 -5404 3976 -17032
-945 118 124 -5480 3956 -16908
-930 111 137 -5572 4064 -16860
-966 108 133 -5464 4076 -16904
-977 179 188 -5516 3960 -16940
-977 201 227 -5480 3932 -16864
-912 155 229 -5136 3924 -17100
-864 108 162 -5476 4008 -16972
-829 128 137 -5348 3996 -16932
-884 142 179 -5444 3928 -16860
-837 84 135 -5400 4008 -16820
-890 103 197 -5356 3976 -16892
-921 150 157 -5448 3992 -16928
-912 168 191 -5344 3944 -16880
-914 135 190 -5516 4076 -16856
-833 99 157 -5480 4096 -16828
-805 102 136 -5396 4028 -17032
-823 106 117 -5512 4092 -16960
-845 50 96 -5440 4072 -17132
-870 38 92 -5380 4028 -16956
-927 84 94 -5504 4044 -17048
-892 44 101 -5420 4024 -16720
-864 -14 96 -5472 4328 -16968
-855 45 68 -5496 3964 -16676
-882 13 73 -5448 4024 -16900
-816 23 84 -5448 4344 -16800
-790 -27 120 -5508 4004 -17000
-788 18 113 -5444 3896 -16920
-824 30 97 -5444 3808 -16860
-784 73 115 -5428 4036 -16940
-833 82 177 -5552 3900 -16836
-807 86 120 -5636 4004 -16936
-857 65 174 -5368 3980 -16904
-842 78 166 -5516 3912 -17032
-953 102 157 -5504 3980 -16924
-950 130 181 -5588 3968 -16892
-921 123 178 -5512 4004 -17020
-937 128 118 -5620 3964 -17004
-875 64 135 -5568 3920 -16868
-855 136 92 -5608 3928 -16984
-910 111 206 -5624 3944 -16856
-861 126 139 -5600 4024 -16912
-945 123 202 -5588 4024 -16900
-940 151 186 -5484 3904 -16872
-927 120 154 -5596 3912 -16912
-945 102 148 -5592 4020 -16956
-869 79 178 -5496 4048 -16840
-918 110 190 -5512 4048 -16936
-905 123 127 -5444 4104 -16976
-885 106 148 -5516 3968 -16880
-856 92 143 -5428 3956 -16800
-903 107 136 -5588 4076 -16956
-915 125 120 -5488 3964 -16996
-872 92 149 -5432 4028 -16948
-899 145 192 -5536 3928 -16692
-912 129 189 -5408 3996 -16924
-891 103 190 -5576 4112 -17156
-891 122 185 -5552 4080 -17016
-929 141 113 -5528 4312 -17048
-870 107 48 -5488 4096 -16836
-803 96 159 -5420 3900 -16868
-858 121 150 -5860 3988 -17136
-796 92 117 -5632 4068 -16884
-852 60 90 -5468 4044 -16876
-787 136 79 -5508 3868 -17012
-867 82 143 -5520 4012 -16820
-837 106 140 -5472 4024 -17004
-852 97 199 -5456 3904 -16724
-898 141 194 -5532 3996 -16860
-857 126 132 -5608 4120 -16736
-811 89 100 -5548 3944 -17108
-793 106 150 -5552 3916 -16956
-789 148 164 -5436 4040 -16880
-922 102 214 -5404 3788 -16768
-960 153 110 -5428 3916 -16996
-1280 74 94 -5460 3984 -16908
-1043 118 66 -5516 3908 -16964
-1022 196 208 -5476 4084 -16760
-866 130 286 -5716 4032 -16872
-872 180 201 -5400 4144 -16904
-909 169 173 -5324 3852 -17060
-824 146 117 -5416 3964 -17140
-913 120 111 -5472 4004 -16980
-925 142 195 -5444 4036 -16956
-924 153 289 -5492 3996 -17148
-934 142 200 -5432 3948 -16888
-909 152 199 -5396 4020 -16984
-846 126 170 -5396 4072 -17068
-801 82 159 -5428 4048 -17144
-837 79 96 -5328 4036 -16872
-836 60 102 -5324 3900 -16852
-847 80 132 -5596 3884 -16976
-901 99 135 -5332 3984 -16864
-916 122 150 -5492 4052 -17000
-940 101 161 -5412 4008 -16984
-882 117 131 -5408 3992 -16956
-852 67 113 -5476 4112 -17096
-863 48 56 -5440 4332 -17108
-806 54 135 -5512 4080 -16956
-769 63 100 -5548 4000 -17076
-759 40 61 -5492 4020 -16668
-800 69 118 -5456 3976 -17144
-752 49 128 -5464 3836 -16992
-791 40 105 -5552 3900 -16768
-829 44 133 -5428 3996 -17012
-834 120 138 -5432 3984 -17136
-808 63 162 -5416 3944 -16812
-881 103 159 -5520 3924 -16812
-877 119 146 -5452 3896 -16968
-892 93 151 -5496 3852 -16912
-907 88 123 -5476 3952 -16888
-924 117 157 -5500 3980 -16932
-971 137 162 -5460 3948 -16872
-915 130 148 -5460 3940 -16996
-1006 138 187 -5360 4112 -16852
-954 119 198 -5420 4008 -16868
-961 120 153 -5472 4008 -16980
-922 89 143 -5432 3968 -16952
-926 107 168 -5488 4080 -16792
-901 79 179 -5412 3972 -16768
-899 107 151 -5520 4272 -16912
-865 106 161 -5464 3900 -16968
-851 82 178 -5444 4016 -16932
-863 115 152 -5480 3936 -16848
-899 143 143 -5528 3956 -17148
-915 111 153 -5440 4064 -16652
-872 99 167 -5420 3936 -16676
-887 89 156 -5336 4048 -16836
-852 125 137 -5488 4108 -16976
-830 43 135 -5496 4004 -16904
-830 70 156 -5416 3904 -17124
-790 33 65 -5328 4036 -17120
-911 77 92 -5316 4020 -16864
-805 68 45 -5568 4028 -16964
-805 29 60 -5536 3996 -17124
-828 9 67 -5508 3924 -16856
-797 68 181 -5436 3856 -16704
-790 80 164 -5440 3880 -16840
-869 116 177 -5428 4028 -16924
-858 92 141 -5404 3892 -16996
-886 130 180 -5508 3912 -16948
-905 107 138 -5512 3924 -16656
-927 162 197 -5524 3924 -17064
-914 137 189 -5548 4044 -16988
-962 132 171 -5332 3936 -17040
-978 102 148 -5500 3884 -16680
-991 141 190 -5524 4024 -16932
-930 127 174 -5556 3988 -17116
-962 126 178 -5476 4040 -16880
-916 124 130 -5476 3944 -16956
-909 67 117 -5464 3872 -16964
-882 86 147 -5140 3936 -16768
-884 75 118 -5476 3988 -16940
-892 106 138 -5440 3948 -16644
-882 62 149 -5492 4000 -16880
-907 130 161 -5452 4028 -16924
-895 125 208 -5480 3980 -17116
-885 152 167 -5536 4052 -16908
-906 125 140 -5448 3976 -16904
-868 95 184 -5476 4164 -16928
-891 99 198 -5488 3972 -16896
-798 82 124 -5432 4112 -16768
-865 116 113 -5488 4024 -16912
-835 94 127 -5512 4032 -16996
-836 93 185 -5452 3936 -17008
-806 61 113 -5392 3976 -16848
-850 84 46 -5456 3956 -17004
-803 13 45 -5416 4012 -16788
-761 28 -24 -5488 3860 -16976
-759 48 68 -5504 3948 -16908
-801 118 117 -5508 3928 -17048
-810 108 145 -5552 4020 -16856
-831 121 104 -5436 3892 -17120
-1050 55 -319 -5996 4604 -17292
-1132 -197 -1035 -5516 4348 -17288
-1088 -304 -1448 -5148 2860 -16756
-297 105 -1125 -5144 3568 -16356
-326 210 -88 -5720 4176 -16864
-1135 181 158 -5752 3732 -16980
-729 142 -167 -5780 3656 -16900
-479 -262 -455 -6056 3756 -17260
-747 -2007 -1037 -5404 3812 -17056
-651 -1360 -1760 -5300 3044 -16932
-119 -282 -1814 -5804 3404 -16148
-1518 671 -433 -6608 3564 -16548
-2560 587 375 -6700 3096 -16464
-1740 97 842 -6208 2460 -16048
-534 433 638 -6936 3744 -16872
-287 238 881 -6420 3548 -16780
-878 355 1293 -6116 3300 -16384
-348 1194 1259 -6380 4172 -16264
-262 267 790 -5716 3500 -17012
-509 246 532 -6052 3676 -16956
-898 310 350 -5824 3804 -17380
-1036 398 301 -5892 3432 -17000
-886 259 361 -5912 3208 -16756
-986 278 356 -5636 3364 -16712
-783 521 384 -6136 3476 -16828
-927 194 205 -5864 3848 -16748
-832 298 -23 -5900 3680 -16880
-845 96 191 -5528 3496 -17128
-868 73 -27 -5864 3452 -17008
-1048 6 -361 -5764 3992 -17104
-1625 152 -143 -5772 3236 -17108
-1417 -137 -200 -5924 3528 -16828
-1204 42 -130 -5792 3564 -16548
-597 52 254 -5888 3412 -16656
-775 182 536 -6156 3644 -16836
-570 508 602 -6004 4148 -16884
-741 377 643 -6096 3520 -16880
-260 169 585 -5604 3684 -16752
-697 191 303 -5600 3536 -17180
-546 70 284 -5536 3460 -16956
-619 14 0 -5824 3588 -17176
-1036 213 455 -6012 3636 -17008
-763 233 425 -5760 3568 -16920
-955 310 396 -5660 3704 -17052
-1052 229 141 -5596 3724 -17052
-914 168 95 -5484 3568 -16820
-942 114 160 -5880 3896 -17164
-945 -13 -67 -5624 3360 -16912
-803 -28 -97 -5712 3464 -16808
-854 72 118 -5772 3724 -16816
-879 134 194 -5920 3524 -16896
-871 149 100 -5712 3512 -16892
-837 101 265 -5724 3616 -16712
-805 11 266 -5464 3788 -17144
-855 158 174 -5548 3660 -17064
-952 148 209 -5648 3652 -16836
-986 174 134 -5656 3464 -16920
-883 191 -161 -5816 3596 -16684
-841 13 -61 -5552 3664 -16996
-837 -255 160 -5580 3644 -16956
-950 56 100 -5776 3368 -16928
-924 131 101 -5628 3564 -16708
-856 131 292 -5876 3556 -16872
-778 160 516 -5688 4040 -16956
-906 140 469 -5772 3752 -16960
-834 70 347 -5624 3472 -16940
-867 -89 292 -5668 3832 -17292
-847 -126 82 -5504 3412 -16724
-1089 -23 175 -5648 3600 -16996
-808 -170 -71 -5648 3816 -16756
-727 -154 175 -5856 3668 -16936
-635 -36 200 -5720 3668 -16868
-613 75 40 -5716 3600 -16868
-700 -96 73 -5880 3764 -16948
-930 -293 -43 -5800 3624 -17164
-1212 -152 -120 -5524 3224 -16840
-1276 44 27 -5840 3332 -16804
-1441 182 146 -5952 3584 -16672
-1561 86 218 -6172 3772 -16436
-1301 36 287 -5928 3468 -16516
-805 179 332 -5996 3928 -16620
-549 127 238 -6336 4008 -16868
-603 126 45 -5976 3824 -16748
-652 268 172 -5836 3424 -16728
-575 310 297 -5708 3472 -16852
-577 121 586 -5800 3576 -16948
-646 149 578 -5672 3776 -17064
-779 254 306 -5572 3764 -17180
-823 42 3 -5712 3664 -16988
-780 -21 -115 -5724 3348 -16900
-698 -20 -80 -6040 3596 -16656
-734 43 3 -5968 3484 -16784
-742 65 194 -5916 3512 -16736
-717 125 511 -5920 3552 -16656
-1023 29 237 -5876 3624 -16780
-812 -41 234 -5792 3576 -16944
-839 15 132 -5928 3472 -16940
-848 -76 168 -5932 3836 -16672
-756 -146 161 -5976 3588 -16824
-744 -158 237 -6096 3424 -16924
-872 -186 307 -5956 3340 -16956
-965 -130 265 -5788 3512 -16676
-1073 -139 228 -6000 3620 -16936
-1213 -85 81 -6136 3608 -16840
-1256 -140 63 -5960 3472 -16724
-1146 -19 -11 -6128 3584 -16532
-1076 -87 74 -6180 3664 -16432
-1271 32 155 -6184 3652 -16784
-1066 121 -18 -5912 3708 -16404
-857 287 382 -6220 3648 -16536
-683 196 266 -6168 3688 -16736
-663 149 1 -6088 3664 -16692
-662 274 246 -5964 3400 -16792
-798 212 267 -5868 3648 -16768
-804 109 220 -5940 3608 -16728
-804 103 138 -5960 3628 -16784
-873 95 130 -5984 3708 -16804
-881 22 112 -5996 3632 -16856
-904 28 112 -6072 3656 -16828
-880 7 78 -6048 3668 -16832
-860 34 97 -6088 3332 -16748
-843 36 142 -6208 3628 -16880
-809 99 155 -6016 3652 -17080
-840 60 185 -6064 3488 -16808
-860 105 132 -6140 3364 -16732
-829 84 84 -6200 3660 -16824
-878 105 130 -6096 3604 -16748
-874 163 189 -6156 3548 -16896
-752 141 216 -6200 3548 -16780
-733 56 107 -6188 3640 -16880
-820 87 78 -6112 3496 -16752
-906 133 142 -6140 3456 -16724
-926 157 157 -6112 3636 -16664
-977 124 167 -6064 3576 -16748
-971 152 137 -5944 3656 -16752
-922 124 150 -6052 3328 -16784
-940 93 131 -6092 3692 -16768
-896 69 104 -6088 3728 -16832
-909 104 149 -6020 3636 -16476
-893 125 111 -6040 3832 -16804
-919 121 189 -6116 3572 -16716
-871 108 174 -6028 3680 -16768
-899 115 139 -6124 3836 -16460
-924 94 157 -6008 3616 -16740
-881 95 161 -6052 3632 -16780
-869 92 164 -6032 3644 -16672
-848 127 131 -6112 3620 -16896
-886 71 126 -6084 3600 -16836
-966 89 131 -5952 3496 -16804
-927 99 165 -6160 3628 -16736
-906 47 134 -6168 3636 -16668
-849 77 112 -6348 3648 -16768
-840 91 104 -5904 3564 -16752
-843 127 145 -6108 3584 -16740
-801 92 170 -6148 3632 -16756
-803 100 170 -6092 3524 -16616
-827 84 152 -6132 3592 -16692
-884 94 167 -5984 3572 -16884
-808 25 117 -6304 3528 -16728
-825 17 68 -6016 3760 -16792
-857 37 117 -6144 3828 -16792
-873 51 95 -6080 3408 -16736
-860 51 122 -5896 3576 -16672
-851 75 125 -6192 3540 -16816
-932 76 126 -6032 3688 -16804
-785 254 55 -6244 3500 -16712
-911 175 143 -5912 3516 -16720
-972 37 164 -5900 3792 -16812
-777 332 184 -6244 3512 -16760
-846 188 402 -6168 3672 -16636
-822 175 244 -6044 3400 -16752
-805 104 135 -6044 3796 -16728
-968 115 188 -5940 3568 -16868
-981 139 122 -6092 3464 -16732
-933 115 248 -6144 3612 -16732
-974 123 205 -6140 3672 -16564
-927 79 123 -6016 3700 -16760
-890 26 61 -6304 3728 -16652
-892 86 60 -6108 3716 -16768
-915 102 137 -6000 3608 -16624
-918 132 175 -5900 3560 -16716
-883 102 155 -6312 3672 -16708
-905 129 144 -6056 3564 -16868
-903 150 148 -6072 3612 -16744
-918 115 190 -6032 3600 -16788
-893 154 144 -6008 3728 -16904
-881 59 105 -6040 3588 -16816
-877 97 86 -6140 3528 -16772
-904 55 92 -6084 3708 -16776
-937 99 93 -6140 3664 -16740
-864 73 143 -6056 3576 -16764
-865 104 110 -6060 3696 -16668
-861 76 95 -5976 3608 -16664
-887 82 153 -6092 3656 -16688
-852 100 131 -6052 3620 -16728
-894 30 98 -6076 3688 -16776
-913 41 83 -6060 3600 -16868
-838 4 64 -6128 3576 -16736
-842 46 48 -6216 3548 -16692
-858 96 138 -6044 3596 -16656
-845 140 164 -6276 3672 -16576
-763 69 187 -5924 3596 -16780
-720 86 86 -6188 3640 -16856
-739 104 144 -6316 3444 -16736
-833 128 136 -6100 3556 -16604
-884 155 152 -6036 3580 -16840
-878 131 132 -5908 3400 -16772
-941 84 138 -6012 3572 -16732
-942 126 129 -6220 3528 -16860
-906 71 148 -5940 3788 -16772
-936 132 189 -6048 3564 -16784
-897 67 149 -6212 3556 -16616
-912 38 117 -6148 3492 -16716
-950 98 88 -6084 3536 -16848
-950 82 148 -6096 3632 -16664
-934 94 145 -6096 3656 -16820
-879 135 166 -6080 3692 -16736
-927 87 162 -6068 3600 -16724
-895 126 149 -6088 3600 -16860
-883 150 128 -6068 3548 -16744
-885 142 160 -6340 3748 -16864
-914 102 149 -6124 3532 -16744
-852 85 148 -6104 3616 -16768
-886 107 139 -6056 3512 -16732
-907 96 104 -6100 3616 -16716
-901 80 124 -6076 3392 -16760
-917 134 169 -6100 3704 -16660
-898 106 159 -5916 3492 -16768
-864 80 148 -6156 3676 -16716
-803 79 130 -6044 3492 -16860
-860 63 134 -6056 3612 -16844
-809 74 132 -6208 3544 -16844
-789 73 118 -6168 3604 -16724
-807 66 101 -5920 3548 -16740
-810 52 122 -6064 3496 -16852
-814 74 115 -6156 3464 -16736
-838 117 106 -5952 3640 -16752
-839 110 102 -6212 3548 -16760
-813 93 111 -6072 3508 -16700
-873 143 154 -6036 3480 -16608
-858 147 211 -6068 3468 -16844
-915 137 204 -6200 3524 -16784
-925 105 136 -6024 3552 -16868
-911 129 139 -6216 3524 -16768
-926 116 153 -6140 3568 -16764
-892 110 138 -6232 3500 -16864
-913 133 127 -6112 3328 -16680
-972 84 147 -6096 3580 -16656
-944 46 173 -6136 3508 -16744
-914 122 135 -6088 3520 -16740
-915 88 157 -6124 3692 -16904
-950 125 132 -6124 3588 -16868
-907 84 139 -6112 3452 -16472
-881 120 135 -6092 3692 -16880
-877 85 153 -6092 3352 -16672
-918 112 142 -6124 3608 -16664
-895 117 143 -6148 3576 -16876
-933 101 169 -6024 3756 -16840
-932 111 183 -5900 3832 -16840
-908 111 183 -6124 3580 -16676
-863 87 135 -5984 3588 -16456
-833 112 164 -5896 3768 -16776
-849 98 142 -6120 3516 -16852
-837 90 140 -6112 3548 -16896
-865 104 137 -6096 3540 -16736
-853 100 130 -6028 3808 -16764
-837 87 119 -6068 3564 -16904
-819 71 114 -6128 3344 -16812
-818 43 131 -6144 3560 -16808
-835 73 99 -6168 3572 -16668
-799 53 84 -6140 3612 -16780
-844 64 116 -6140 3804 -16660
-819 66 119 -6140 3516 -16712
-784 56 113 -6140 3468 -16808
-845 81 106 -5920 3524 -16684
-855 44 75 -6112 3332 -16700
-912 120 154 -6164 3456 -16792
-948 144 149 -6224 3560 -16732
-994 129 193 -6060 3516 -16784
-924 184 197 -6160 3620 -16700
-934 140 178 -6208 3496 -16732
-911 169 191 -6216 3564 -16884
-921 98 190 -5892 3536 -16804
-951 72 77 -5984 3472 -16700
-996 76 106 -6084 3472 -16768
-905 89 146 -6148 3364 -16800
-887 76 161 -6176 3496 -16640
-921 114 153 -6088 3692 -16736
-892 87 174 -6072 3564 -16692
-860 166 105 -6104 3640 -16768
-855 85 128 -6056 3580 -16660
-898 126 115 -6160 3568 -16680
-864 119 178 -6088 3560 -16844
-854 126 164 -6092 3580 -16748
-847 145 158 -6084 3564 -16788
-871 113 123 -6052 3660 -16844
-878 94 117 -6400 3576 -16492
-893 110 128 -6168 3568 -16840
-897 91 147 -6104 3600 -16748
-831 84 122 -6252 3332 -16864
-807 84 138 -5900 3648 -16700
-831 61 126 -6128 3592 -16616
-760 80 100 -6064 3512 -16712
-796 50 90 -6132 3472 -16712
-788 72 98 -6236 3440 -16752
-825 74 116 -6148 3536 -16816
-788 79 122 -6200 3512 -16760
-784 7 206 -6148 3396 -16688
-835 71 128 -6320 3428 -16868
-825 99 99 -6248 3412 -16784
-833 69 139 -6140 3376 -16792
-926 140 184 -6172 3420 -16848
-980 122 162 -5904 3604 -16864
-896 50 122 -6220 3468 -16684
-987 181 111 -6244 3512 -16664
-947 99 142 -6196 3460 -16484
-902 59 116 -6260 3400 -16504
-916 73 200 -6084 3656 -16840
-962 55 204 -6156 3540 -16732
-972 108 151 -6352 3528 -16740
-856 73 78 -6224 3484 -16756
-804 23 112 -6240 3552 -16788
-844 -37 176 -6156 3580 -16736
-791 91 122 -6212 3456 -16828
-824 122 111 -6348 3536 -16712
-911 120 149 -6240 3508 -16756
-863 113 175 -6120 3460 -16896
-909 203 150 -6236 3464 -16676
-912 46 167 -6164 3528 -16816
-854 56 102 -6116 3528 -16772
-904 34 113 -6392 3496 -16728
-1003 170 140 -6284 3328 -16608
-923 104 137 -6216 3584 -16876
-892 148 167 -6148 3396 -16412
-852 136 90 -5972 3540 -16704
-857 139 68 -6284 3536 -16628
-796 78 117 -6212 3492 -16764
-674 63 139 -6316 3552 -16776
-660 64 154 -6400 3616 -16636
-753 135 161 -5996 3372 -16748
-777 180 161 -6156 3256 -16596
-865 62 134 -6096 3536 -16456
-823 77 132 -6180 3440 -16736
-855 30 129 -6180 3400 -16852
-873 48 88 -6260 3396 -16704
-880 -69 127 -6384 3384 -16760
-964 56 88 -6220 3416 -16812
-965 140 164 -6116 3564 -16764
-936 128 192 -6172 3560 -16660
-962 106 167 -6320 3424 -16692
-934 75 129 -6176 3444 -16716
-925 155 125 -6312 3332 -16484
-941 134 170 -6388 3484 -16660
-891 90 181 -6232 3376 -16808
-847 107 111 -6328 3468 -16696
-803 61 150 -5892 3420 -16708
-916 182 143 -6276 3408 -16636
-921 85 104 -6268 3532 -16664
-952 66 99 -6132 3540 -16640
-893 50 146 -6096 3404 -16772
-932 49 103 -6308 3324 -16760
-943 89 128 -6240 3460 -16692
-921 92 160 -6268 3580 -16636
-892 40 131 -6336 3420 -16772
-853 35 105 -6192 3444 -16796
-867 29 141 -6352 3556 -16784
-900 93 130 -6288 3356 -16660
-887 92 162 -6240 3496 -16724
-862 103 138 -6580 3340 -16636
-791 61 182 -6228 3488 -16780
-744 81 113 -6252 3408 -16716
-770 59 93 -6284 3432 -16528
-874 88 139 -6224 3380 -16636
-903 96 186 -6404 3420 -16820
-840 77 166 -6292 3456 -16668
-864 23 167 -6312 3544 -16652
-828 42 112 -6284 3408 -16628
-869 42 99 -6240 3252 -16720
-915 51 73 -6248 3328 -16452
-935 46 117 -6372 3348 -16564
-892 87 103 -6360 3388 -16536
-867 85 139 -6416 3444 -16744
-929 110 178 -6148 3516 -16396
-920 124 184 -6280 3452 -16556
-899 122 153 -6208 3508 -16844
-923 120 147 -6280 3416 -16416
-901 91 101 -6228 3496 -16716
-932 102 127 -6296 3444 -16896
-916 176 177 -6308 3540 -16808
-902 90 144 -6244 3360 -16684
-890 106 138 -6208 3444 -16748
-895 86 140 -6280 3380 -16668
-920 125 130 -6368 3452 -16712
-920 78 183 -6344 3424 -16628
-885 82 166 -6392 3388 -16700
-886 152 165 -6340 3492 -16652
-843 123 181 -6168 3472 -16772
-872 103 192 -6248 3440 -16700
-866 142 161 -6224 3448 -16796
-930 98 221 -6264 3480 -16824
-898 107 138 -6288 3472 -16652
-878 85 110 -6304 3476 -16804
-892 79 110 -6264 3536 -16480
-852 62 169 -6308 3444 -16412
-832 51 120 -6396 3396 -16716
-858 89 116 -6252 3384 -16640
-853 70 130 -6308 3424 -16416
-860 85 154 -6336 3480 -16608
-855 115 129 -6352 3492 -16756
-855 83 124 -6324 3464 -16664
-833 84 112 -6280 3424 -16840
-792 114 115 -6312 3396 -16684
-809 89 115 -6312 3592 -16708
-813 79 154 -6332 3400 -16784
-788 98 153 -6424 3480 -16456
-831 113 113 -6308 3432 -16636
-848 103 151 -6292 3444 -16692
-908 158 166 -6328 3412 -16684
-958 124 157 -6328 3364 -16672
-996 94 165 -6376 3500 -16592
-923 106 160 -6212 3408 -16704
-945 120 183 -6216 3432 -16468
-929 108 173 -6356 3416 -16580
-931 121 109 -6272 3564 -16536
-887 87 108 -6328 3504 -16704
-889 114 117 -6312 3472 -16392
-921 98 114 -6248 3420 -16760
-905 104 172 -6244 3428 -16644
-910 116 174 -6256 3428 -16804
-955 116 164 -6308 3520 -16692
-920 91 194 -6320 3416 -16580
-892 137 123 -6276 3512 -16744
-879 123 118 -6272 3548 -16616
-930 92 148 -6312 3536 -16696
-922 111 149 -6236 3460 -16672
-865 85 137 -6264 3524 -16664
-797 110 116 -6168 3524 -16868
-818 96 150 -6328 3496 -16736
-846 136 179 -6288 3460 -16564
-924 148 195 -6204 3572 -16676
-909 99 170 -6220 3472 -16684
-883 120 142 -6304 3420 -16788
-844 64 101 -6208 3472 -16824
-867 50 79 -6264 3500 -16736
-820 36 112 -6228 3512 -16820
-818 35 91 -6288 3412 -16720
-838 63 120 -6244 3444 -16652
-832 38 132 -6288 3464 -16452
-850 48 112 -6268 3424 -16592
-853 59 91 -6360 3524 -16636
-877 46 144 -6296 3348 -16796
-828 110 148 -6376 3372 -16880
-830 71 144 -6348 3444 -16684
-865 95 123 -6212 3424 -16684
-895 126 135 -6320 3300 -16864
-887 119 101 -6264 3576 -16776
-909 145 132 -6636 3372 -16584
-899 129 195 -6308 3412 -16632
-903 159 211 -6272 3532 -16720
-935 143 147 -6220 3488 -16652
-932 110 133 -6228 3432 -16692
-950 142 178 -6296 3356 -16876
-918 96 123 -6220 3460 -16592
-915 108 117 -6304 3472 -16608
-896 54 161 -6316 3444 -16616
-880 80 138 -6212 3432 -16604
-901 118 115 -6280 3424 -16548
-897 107 95 -6272 3792 -16672
-891 122 135 -6376 3432 -16756
-929 125 190 -6176 3520 -16684
-901 79 185 -6348 3596 -16420
-877 138 151 -6196 3412 -16668
-877 111 154 -6176 3792 -16700
-872 86 155 -6284 3536 -16608
-857 84 160 -6368 3400 -16664
-857 108 118 -6320 3492 -16720
-895 64 138 -6268 3472 -16748
-919 101 139 -6360 3436 -16844
-875 137 142 -6288 3400 -16676
-905 98 162 -6252 3524 -16600
-874 60 124 -6272 3452 -16756
-862 86 116 -6268 3404 -16396
-839 70 87 -6332 3504 -16760
-862 69 116 -6200 3536 -16544
-795 39 126 -6360 3456 -16760
-779 86 105 -6356 3368 -16640
-832 69 135 -6360 3456 -16632
-831 87 133 -6280 3436 -16748
-813 80 118 -6288 3516 -16844
-843 83 140 -6248 3496 -16752
-853 69 157 -6376 3564 -16688
-876 138 150 -6328 3368 -16884
-877 87 154 -6212 3404 -16700
-887 141 153 -6304 3348 -16656
-918 137 150 -6348 3368 -16760
-933 125 149 -6264 3412 -16776
-917 125 166 -6304 3464 -16660
-901 121 146 -6300 3400 -16796
-943 99 167 -6288 3404 -16412
-956 138 154 -6348 3540 -16456
-961 90 138 -6316 3384 -16592
-926 101 149 -6272 3340 -16700
-905 120 149 -6264 3564 -16728
-940 107 158 -6372 3464 -16468
-938 103 159 -6240 3440 -16500
-895 122 146 -6404 3352 -16672
-866 138 161 -6244 3508 -16788
-877 111 147 -6276 3432 -16860
-863 132 223 -6236 3400 -16772
-918 109 177 -6224 3500 -16736
-934 104 106 -6208 3480 -16432
-925 90 89 -6236 3432 -16748
-876 109 110 -6272 3496 -16744
-881 94 153 -6304 3584 -16676
-845 83 185 -6320 3416 -16660
-787 68 148 -6372 3540 -16684
-829 115 107 -6132 3464 -16696
-864 117 81 -6280 3476 -16720
-854 110 156 -6268 3416 -16740
-832 128 200 -6244 3476 -16876
-868 95 159 -6200 3396 -16652
-843 68 107 -6224 3428 -16724
-782 79 71 -6280 3472 -16436
-860 66 47 -6348 3464 -16804
-843 72 160 -6404 3384 -16700
-811 73 147 -6268 3388 -16636
-839 75 143 -6276 3500 -16660
-911 117 115 -6264 3416 -16700
-942 134 127 -6256 3376 -16584
-946 135 158 -6280 3496 -16696
-941 103 212 -6584 3456 -16432
-932 101 169 -6284 3448 -16732
-945 110 167 -6288 3492 -16776
-944 94 121 -6172 3536 -16616
-919 57 131 -6244 3412 -16732
-873 97 125 -6304 3448 -16752
-873 73 131 -6300 3380 -16624
-922 109 151 -6308 3428 -16756
-882 80 156 -6176 3400 -16688
-874 104 165 -6276 3576 -16744
-928 106 168 -6296 3488 -16580
-910 89 168 -6284 3444 -16620
-878 124 115 -6284 3388 -16664
-877 95 160 -6244 3544 -16516
-900 114 190 -6284 3484 -16684
-864 86 137 -6320 3464 -16744
-858 93 142 -6332 3464 -16788
-877 113 154 -6268 3412 -16736
-850 93 127 -6336 3540 -16580
-891 72 132 -6264 3456 -16764
-882 100 155 -6336 3508 -16736
-894 92 171 -6184 3432 -16636
-871 123 139 -6272 3472 -16780
-875 108 126 -6288 3536 -16552
-863 93 109 -6260 3452 -16624
-811 61 135 -6300 3508 -16740
-784 74 135 -6236 3436 -16752
-795 80 90 -6248 3480 -16868
-834 75 102 -6252 3476 -16896
-816 80 143 -6252 3388 -16692
-817 88 118 -6328 3484 -16772
-851 92 163 -6312 3428 -16592
-850 88 156 -6344 3324 -16752
-862 121 126 -6288 3100 -16648
-887 104 127 -6296 3456 -16776
-947 122 157 -6300 3480 -16460
-887 108 141 -6304 3388 -16744
-928 91 143 -6264 3392 -16736
-931 126 147 -6296 3348 -16628
-901 120 172 -6372 3356 -16596
-896 118 181 -6260 3504 -16852
-952 138 183 -6260 3436 -16728
-910 95 146 -6264 3376 -16672
-914 79 149 -6328 3344 -16536
-868 74 107 -6272 3536 -16756
-891 100 156 -6360 3476 -16556
-905 91 156 -6296 3364 -16652
-867 74 162 -6328 3496 -16460
-880 105 134 -6292 3464 -16820
-852 94 128 -6276 3504 -16796
-901 93 136 -6316 3364 -16632
-928 104 168 -6264 3420 -16708
-887 81 132 -6296 3520 -16724
-842 115 142 -6400 3456 -16684
-896 75 129 -6296 3548 -16748
-856 104 151 -6296 3524 -16408
-860 80 166 -6340 3404 -16584
-856 114 123 -6336 3448 -16828
-850 111 116 -6288 3552 -16820
-875 81 100 -6224 3432 -16736
-838 91 158 -6368 3480 -16696
-830 93 107 -6308 3508 -16788
-852 70 139 -6316 3332 -16624
-839 103 110 -6348 3380 -16628
-804 61 113 -6484 3344 -16592
-814 87 119 -6284 3468 -16888
-820 78 144 -6332 3376 -16584
-809 40 150 -6392 3432 -16544
-840 54 130 -6268 3368 -16752
-857 113 128 -6368 3416 -16772
-905 136 167 -6320 3316 -16644
-910 114 147 -6252 3448 -16788
-951 94 167 -6216 3312 -16588
-878 121 133 -6216 3432 -16664
-913 129 166 -6264 3412 -16680
-926 110 188 -6296 3468 -16684
-890 103 199 -6264 3368 -16856
-908 84 115 -6320 3380 -16828
-960 101 147 -6300 3436 -16668
-954 100 147 -6304 3380 -16592
-926 90 144 -6528 3452 -16676
-934 76 142 -6288 3524 -16388
-931 94 140 -6264 3424 -16532
-889 96 137 -6312 3476 -16688
-850 50 111 -6268 3596 -16684
-931 71 127 -6296 3496 -16652
-887 110 140 -6280 3452 -16640
-858 92 166 -6228 3392 -16768
-890 97 121 -6364 3496 -16860
-851 86 128 -6416 3464 -16628
-890 128 151 -6412 3352 -16684
-874 93 166 -6300 3528 -16668
-895 112 173 -6352 3376 -16676
-883 122 172 -6160 3416 -16580
-866 115 160 -6384 3520 -16672
-875 115 131 -6292 3632 -16776
-829 97 158 -6264 3384 -16512
-818 94 125 -6380 3392 -16684
-798 94 99 -6260 3416 -16772
-830 85 109 -6432 3336 -16396
-869 71 120 -6332 3312 -16536
-813 49 170 -6324 3548 -16620
-870 78 154 -6168 3420 -16700
-856 79 133 -6332 3144 -16680
-852 86 112 -6336 3424 -16640
-881 78 92 -6244 3472 -16636
-888 84 150 -6244 3328 -16688
-872 65 132 -6368 3396 -16600
-888 85 142 -6632 3132 -16612
-893 117 167 -6340 3392 -16704
-872 117 163 -6496 3396 -16608
-879 123 144 -6332 3376 -16676
-920 88 138 -6296 3428 -16684
-899 132 159 -6284 3396 -16740
-888 116 145 -6424 3432 -16676
-890 119 178 -6332 3516 -16664
-872 140 163 -6332 3376 -16680
-866 119 148 -6264 3372 -16672
-884 105 108 -6352 3520 -16824
-903 107 125 -6384 3372 -16488
-904 111 161 -6316 3452 -16612
-892 118 160 -6364 3568 -16636
-924 76 178 -6248 3508 -16712
-906 98 161 -6352 3396 -16744
-911 73 100 -6328 3448 -16684
-888 84 118 -6352 3544 -16740
-856 91 159 -6356 3536 -16720
-814 85 168 -6244 3476 -16748
-807 105 102 -6308 3392 -16848
-811 91 97 -6324 3360 -16868
-816 94 106 -6416 3372 -16716
-789 81 127 -6340 3396 -16624
-830 87 156 -6204 3356 -16544
-841 101 128 -6280 3308 -16732
-833 112 126 -6348 3400 -16620
-847 106 144 -6252 3488 -16616
-860 94 170 -6404 3380 -16736
-848 75 142 -6400 3292 -16764
-864 128 130 -6268 3356 -16668
-925 111 152 -6336 3372 -16676
-896 130 147 -6444 3356 -16596
-903 101 132 -6360 3460 -16744
-946 117 187 -6308 3452 -16824
-932 97 208 -6348 3396 -16664
-931 141 143 -6312 3436 -16684
-936 118 120 -6328 3440 -16752
-956 78 126 -6372 3432 -16724
-888 120 179 -6364 3500 -16672
-930 82 145 -6420 3332 -16660
-933 83 145 -6296 3416 -16628
-885 130 131 -6332 3440 -16696
-915 97 135 -6276 3408 -16740
-919 97 141 -6580 3448 -16680
-896 102 175 -6356 3440 -16548
-885 587 44 688 6504 -17244
-783 510 -73 596 6760 -17188
-739 62 -63 848 6740 -17104
-837 255 -82 936 6544 -17496
-717 -14 64 756 6496 -17028
-673 172 -31 604 6412 -17336
-841 -71 130 508 6488 -17340
-740 27 26 668 6620 -17140
-795 233 95 764 6540 -17472
-783 143 -10 732 6568 -17376
-836 127 72 748 6368 -17172
-841 160 171 548 6588 -17376
-995 -44 405 612 6456 -17008
-876 74 276 688 6600 -17856
-881 89 111 696 6532 -17420
-978 83 16 628 6424 -17316
-984 201 333 540 6500 -17168
-911 -19 325 524 6516 -17148
-1015 -19 372 792 6556 -17416
-987 179 226 752 6564 -17368
-945 139 198 668 6464 -17312
-942 129 184 752 6720 -17384
-937 52 113 740 6652 -17200
-927 51 121 704 6888 -17288
-893 -97 53 620 6904 -17292
-974 -165 8 816 6808 -17340
-1091 -189 56 672 6504 -17272
-918 133 17 708 6684 -17320
-926 104 55 548 6616 -17232
-1028 60 60 532 6464 -17224
-952 166 219 636 6452 -17256
-1019 766 426 888 6984 -17368
-781 379 -173 956 6804 -17348
-969 753 -232 852 6496 -17160
-778 772 -212 888 6444 -17212
-770 -120 -831 508 6432 -17056
-834 248 115 732 6772 -17172
-967 -157 -191 264 6776 -17196
-998 -934 -173 496 6692 -17180
-868 -980 58 556 6444 -16948
-834 -536 204 312 6724 -17132
-780 -168 188 616 6704 -17232
-677 -270 298 288 6628 -17296
-808 -271 118 756 6792 -17316
-872 -232 45 208 6564 -16972
-780 -271 117 184 6672 -17328
-793 -160 58 172 6612 -17248
-940 -10 110 464 6532 -17372
-1033 97 197 236 6620 -17264
-1060 25 125 188 6492 -17236
-772 138 189 152 6792 -17316
-945 125 198 132 6724 -17328
-940 115 123 508 6756 -17248
-889 35 86 96 6664 -17184
-900 100 138 152 6696 -17128
-912 159 141 104 6696 -17112
-851 135 128 152 6688 -16956
-885 84 107 164 6780 -17336
-924 60 91 160 6624 -17292
-876 151 172 136 6752 -17148
-850 109 159 144 6660 -17148
-880 96 88 144 6740 -17332
-777 90 127 180 6732 -17224
-813 56 86 288 6644 -17244
-872 36 41 188 6632 -17224
-516 127 121 188 6708 -17296
-815 46 67 116 6780 -17404
-799 64 70 140 6652 -17188
-828 119 150 92 6764 -17292
-825 75 91 172 6600 -17168
-838 -96 131 52 6668 -17432
-840 89 174 88 6420 -17316
-890 24 99 76 6632 -17408
-898 -14 170 172 6508 -17152
-937 99 149 152 6628 -17268
-999 73 127 96 6552 -17260
-857 15 110 52 6696 -17328
-928 -245 101 56 6564 -17260
-944 73 81 68 6628 -17372
-938 92 144 36 6724 -17164
-918 73 147 76 6748 -17200
-867 4 107 36 6572 -17264
-899 -4 148 -28 6644 -17244
-882 -99 126 -80 6656 -17292
-879 -80 158 68 6672 -17408
-935 -68 54 92 6692 -17180
-964 144 115 -148 6684 -17176
-860 191 78 -108 6732 -17260
-866 134 109 -12 6728 -17224
-955 150 151 12 6636 -17200
-906 94 138 188 6456 -17304
-881 41 249 132 6728 -17228
-874 214 281 -244 6768 -17200
-797 6 113 -28 6724 -17300
-728 159 154 -120 6768 -17364
-1153 58 95 60 6680 -17140
-912 37 52 68 6656 -17360
-899 103 177 112 6656 -17024
-829 21 170 12 6824 -17292
-886 -111 170 -52 6700 -17220
-913 -214 41 -44 6636 -17216
-1020 -146 27 -28 6712 -17352
-943 60 70 -232 6796 -17056
-887 74 146 20 6780 -17136
-905 -41 5 -200 6680 -17100
-938 -24 74 -72 6712 -17252
-924 116 73 -212 6700 -17332
-954 188 199 -64 6908 -17368
-998 130 194 -100 6728 -17216
-853 87 173 -68 6760 -17264
-838 88 181 -232 6704 -17120
-774 66 135 -140 6800 -17184
-752 50 166 -96 6792 -17172
-770 88 159 -88 6740 -17236
-734 97 97 -140 6696 -17228
-758 41 76 -144 6772 -17404
-774 31 95 -136 6640 -17180
-760 21 143 -148 6660 -17188
-809 -10 159 -68 6704 -16956
-861 27 134 -124 6532 -17264
-870 47 167 -96 6624 -17336
-929 116 138 -64 6588 -17348
-933 94 148 -148 6692 -17268
-927 138 167 -188 6684 -17164
-879 99 125 -176 6724 -17376
-847 -10 54 -184 6688 -17376
-881 50 136 -268 6464 -17200
-917 120 146 -120 6668 -17248
-928 148 136 -160 6716 -17368
-923 73 153 -120 6720 -17268
-868 42 121 -160 6664 -17336
-846 48 128 -156 6648 -17260
-856 133 177 -252 6648 -17324
-906 164 129 -176 6416 -17260
-850 68 122 -188 6720 -17408
-872 112 142 -160 6712 -17196
-865 47 114 -124 6700 -17184
-899 133 173 -268 6424 -17012
-894 110 135 -240 6744 -16912
-799 116 123 -236 6724 -17204
-835 29 121 -164 6652 -17100
-870 62 81 -156 6484 -17300
-956 117 156 -144 6684 -17212
-945 111 130 -176 6680 -17160
-951 32 68 -140 6756 -17348
-890 49 86 -224 6648 -17204
-933 102 95 -256 6744 -17288
-939 91 125 -220 6668 -17228
-946 124 121 -272 6664 -17120
-915 64 197 -224 6684 -17224
-876 247 101 -116 6632 -17152
-777 125 217 -492 6840 -17208
-996 114 138 -180 6656 -17320
-884 125 88 -320 6672 -17120
-915 155 214 -196 6832 -17296
-962 85 106 -200 6780 -17232
-857 30 141 -84 6712 -17288
-1011 88 195 -120 6836 -17088
-1054 131 167 -184 6764 -17048
-934 109 158 -196 6792 -17380
-938 80 173 -220 6744 -17380
-881 131 155 -244 6768 -17376
-886 141 115 -212 6816 -17320
-891 116 137 -264 6712 -17128
-817 49 110 -108 6760 -17116
-817 47 56 -208 6776 -17276
-781 114 231 -220 6732 -17388
-699 85 221 -248 6700 -17016
-681 8 136 -244 6720 -17336
-941 -200 -14 -88 6404 -17388
-995 292 154 -196 6752 -17300
-517 585 548 -368 6748 -17084
-570 479 372 -484 6932 -17396
-756 136 87 -136 6520 -17176
-840 220 118 -108 6552 -17496
-940 206 324 184 6548 -16960
-1007 270 375 -52 6740 -17268
-918 230 322 20 6772 -17300
-924 144 132 -152 6812 -17228
-924 91 136 172 6416 -17216
-969 161 113 -52 6708 -16944
-917 421 192 52 6716 -17368
-965 433 237 -24 6800 -17384
-770 120 244 -4 6720 -17304
-765 -158 173 136 6612 -17168
-889 -140 428 432 6576 -17128
-962 345 461 308 6700 -17288
-842 192 335 72 6880 -17400
-814 87 71 48 6740 -17220
-876 92 72 72 6688 -17184
-1271 72 10 80 6508 -17288
-812 81 0 72 6692 -17260
-1007 363 535 384 6660 -17256
-934 555 559 76 6540 -16912
-730 402 292 144 6960 -17144
-705 115 327 -156 6984 -17128
-459 -132 308 56 6720 -17160
-591 -194 266 440 6512 -17296
-596 17 577 132 6628 -17488
-825 90 1053 184 6452 -17272
-1035 127 748 452 6392 -17672
-959 536 982 492 6220 -17468
-952 1153 809 484 6660 -17688
-1382 354 408 636 6772 -16840
-1448 -123 469 860 6696 -16880
-1429 253 721 864 6864 -17176
-1298 54 80 524 7004 -17096
-1213 -90 145 720 7184 -17124
-1075 -181 -310 640 6844 -17112
-835 -125 -150 356 7060 -17032
-716 39 49 488 6632 -16820
-539 21 -121 408 7200 -17164
-732 -230 -98 652 6896 -17320
-830 -342 -209 380 6516 -16988
-557 -275 -89 444 6864 -17580
-768 236 115 448 6864 -16960
-811 219 -80 344 6856 -17296
-793 274 25 164 6676 -17292
-828 65 -171 228 6740 -17232
-1131 -556 -816 624 6804 -17012
-1210 -426 -1118 300 6936 -17292
-856 712 141 36 6540 -17092
-902 1672 811 452 6660 -17476
-1131 1014 249 236 7020 -17184
-815 473 -404 604 6928 -17224
-666 1009 -194 596 6716 -17396
-980 865 -483 492 6692 -17104
-1038 323 -715 428 6852 -16920
-754 258 -364 340 7044 -17028
-873 409 297 84 6964 -17116
-944 799 578 320 6804 -17176
-1153 559 432 732 6740 -17040
-862 98 667 280 6992 -17000
-976 -342 617 904 7092 -17168
-1025 -412 436 912 6944 -17132
-830 -342 383 908 6824 -17132
-931 -233 195 576 7136 -17272
-862 -106 126 828 6884 -17048
-887 -111 -86 652 6908 -17176
-1002 -148 -275 668 7084 -16936
-1054 -12 -172 348 6844 -17176
-945 -5 102 400 6984 -17192
-831 20 87 588 7164 -17016
-844 -14 33 724 6992 -17012
-843 -68 -107 564 7056 -17160
-854 -3 -193 476 6696 -17376
-891 -415 -374 488 6928 -16936
-747 76 135 92 6772 -17264
-789 -142 62 204 6972 -17232
-925 -120 48 200 6812 -17044
-831 45 288 324 6716 -17148
-898 152 488 132 6764 -16976
-782 135 447 240 7096 -17200
-758 86 414 364 6904 -17164
-873 135 336 328 6896 -17220
-858 -209 -69 412 6936 -17344
-821 -971 -655 88 6824 -17204
-1170 -806 -533 336 7060 -17100
-904 389 201 140 6548 -16668
-633 860 559 156 6928 -17204
-898 375 302 56 6880 -17056
-803 -12 115 -80 7016 -17232
-905 74 142 104 6896 -17372
-1135 -883 -759 192 6928 -17420
-1279 -1490 -1222 -308 6804 -17056
-1506 -564 -269 -388 6768 -15680
-905 706 830 -68 6740 -16700
-758 778 674 -228 7200 -17260
-877 310 372 -224 6968 -17408
-894 388 388 16 6956 -16908
-1085 91 15 4 7104 -17268
-922 -641 -442 0 7128 -17260
-1226 -238 -210 -108 7160 -17016
-930 356 179 -408 7032 -17020
-670 610 224 -376 7112 -17116
-844 195 208 -280 7236 -17220
-894 -221 237 -204 6980 -17068
-919 -116 333 -340 6888 -17060
-810 -165 567 -312 7016 -17016
-847 -456 341 -148 6984 -17044
-1025 -509 311 228 7052 -17288
-1088 -221 222 -152 6976 -17120
-976 -105 141 -176 7084 -17104
-1008 -197 40 -196 6924 -17180
-961 -140 -73 -352 7068 -17084
-605 89 72 -328 6848 -16764
-630 510 409 -804 7000 -17088
-800 -40 191 -820 7044 -17068
-1267 100 285 -652 6848 -17272
-1336 533 671 -336 7208 -17424
-1650 721 1587 144 7188 -16596
-1984 873 -703 -100 7664 -16620
-1252 66 -33 -44 7644 -17024
-1119 498 354 68 6840 -16724
-307 675 367 -264 7364 -16908
-172 267 -36 -440 7924 -16944
-259 -676 -261 -144 7452 -17212
-1033 -354 -203 -104 6864 -16928
-848 151 223 -400 6712 -16856
-821 99 422 -152 7104 -17096
-911 -273 297 -56 7440 -16996
-974 -542 126 -240 7276 -16896
-1073 -505 64 -148 7072 -17084
-1051 -342 4 -284 7128 -16960
-916 -165 8 -432 7328 -16928
-870 -78 -99 -284 7296 -16840
-845 -141 -203 -336 7500 -17016
-906 -93 -302 -404 7324 -16672
-951 178 -408 -520 7092 -17000
-982 450 -155 -880 7024 -16984
-870 432 158 -656 7252 -16868
-855 476 284 -744 7240 -16880
-945 265 209 -532 6940 -17056
-854 447 331 -404 7232 -16968
-822 503 457 -444 7172 -17040
-723 529 489 -384 7316 -17024
-866 459 379 -420 7192 -16928
-930 379 528 -368 7208 -16984
-514 508 425 -164 7084 -16972
-690 146 458 -148 7296 -17024
-783 404 670 -120 7276 -16828
-794 173 382 52 7184 -17124
-793 -33 205 -96 7268 -16944
-766 -62 194 28 7184 -17124
-844 82 202 216 7136 -17040
-877 -16 131 32 7064 -17168
-910 -166 -251 -252 7240 -16996
-856 -130 -46 -52 7192 -16980
-859 -42 -22 -200 7228 -17036
-859 -139 -109 -264 7168 -17108
-890 -116 -239 -144 7292 -17128
-853 -177 -362 -168 7408 -16652
-700 -141 -381 -156 7288 -17112
-897 50 -429 -300 7116 -16940
-963 119 -410 -412 6912 -17084
-995 185 -295 -548 7324 -16724
-1090 170 -119 -604 7064 -17036
-1074 104 1 -668 7176 -17008
-1055 -21 59 -640 7252 -16996
-993 -55 226 -580 7232 -16876
-1032 -65 297 -548 7244 -16972
-978 -75 323 -560 7336 -17052
-954 -31 252 -420 7228 -17048
-859 48 233 -340 7328 -17100
-879 144 118 -408 7276 -16864
-933 173 50 -412 7276 -16804
-902 237 71 -440 7316 -17008
-876 213 86 -516 7248 -16812
-861 8 216 -736 7292 -17020
-861 191 237 -280 7264 -16976
-831 136 206 -440 7256 -16780
-875 98 210 -428 7196 -16784
-835 157 236 -460 7176 -16952
-821 179 207 -364 7296 -16956
-900 165 120 -464 7248 -16968
-924 78 142 -356 7404 -17092
-884 130 141 -328 7244 -17008
-901 105 155 -424 7188 -17032
-887 84 158 -372 7228 -17132
-941 15 97 -396 7196 -16764
-873 69 125 -404 7176 -17080
-896 62 116 -400 7292 -16788
-875 53 101 -424 7300 -17016
-881 130 115 -388 7248 -16988
-945 44 99 -440 7336 -16948
-892 93 154 -460 7308 -17008
-908 60 121 -496 7260 -16820
-891 117 164 -468 7348 -16924
-869 92 172 -388 7268 -17088
-883 115 93 -456 7296 -16880
-861 152 125 -484 7260 -16864
-832 91 149 -308 7212 -16820
-861 120 197 -624 7296 -17016
-919 146 265 -416 7324 -16864
-932 104 197 -340 7204 -16892
-900 70 183 -352 7288 -16948
-981 21 71 -284 7360 -17044
-923 193 178 -460 7272 -17120
-821 160 229 -392 7364 -17032
-828 107 147 -416 7360 -16840
-847 73 110 -364 7288 -16984
-830 156 124 -400 7280 -16832
-785 82 127 -412 7192 -17072
-868 56 85 -396 7288 -16932
-793 74 113 -284 7188 -16892
-792 65 134 -396 7156 -16916
-803 69 109 -412 7228 -16680
-852 82 149 -324 7292 -16888
-866 69 110 -448 7256 -17080
-863 79 113 -468 7208 -16908
-872 119 176 -464 7396 -16976
-915 178 189 -328 7248 -16984
-893 180 146 -404 7184 -16972
-956 140 128 -356 7292 -16956
-896 174 119 -428 7296 -16944
-885 136 147 -396 7224 -16944
-853 166 191 -356 7272 -17056
-874 107 218 -368 7192 -16992
-867 138 222 -316 7164 -17048
-837 134 176 -328 7128 -17056
-888 112 168 -300 7180 -17024
-858 124 143 -444 7176 -17120
-872 172 157 -336 7292 -16648
-941 66 160 -408 7272 -16940
-893 96 150 -408 7232 -16976
-952 56 104 -308 7224 -16960
-926 98 143 -340 7256 -16944
-908 82 131 -376 7332 -16844
-902 83 128 -336 7320 -17004
-902 32 88 -364 7236 -17028
-853 127 126 -316 7212 -16892
-905 113 136 -332 7256 -17136
-892 82 137 -352 7264 -16984
-890 98 134 -416 7252 -17144
-879 115 160 -368 7292 -17048
-918 97 134 -320 7260 -16904
-894 117 155 -300 7220 -16928
-902 85 155 -300 7284 -16972
-839 93 161 -376 7320 -16868
-861 108 182 -392 7232 -17076
-858 94 140 -340 7132 -17112
-905 113 94 -460 7332 -17128
-933 71 150 -320 7192 -17004
-900 105 151 -304 7360 -17040
-904 80 157 -296 7196 -16656
-939 116 162 -372 7344 -16992
-870 99 89 -364 7320 -16844
-877 74 121 -336 7300 -17024
-844 64 108 -348 7288 -17104
-837 85 176 -416 7360 -17076
-886 99 142 -296 7316 -17040
-924 69 127 -432 7268 -16872
-907 65 91 -452 7192 -17000
-873 87 141 -368 7224 -16920
-898 94 145 -260 7248 -16964
-915 85 108 -304 7324 -17148
-887 112 138 -396 7292 -16836
