-868 90 155 -3804 3784 -17492
-869 83 152 -3720 3768 -17516
-866 100 153 -3808 3896 -17624
-877 78 161 -3624 3916 -17508
-873 92 130 -3784 3804 -17660
-863 94 175 -3872 3788 -17460
-851 99 105 -3788 4064 -17620
-869 107 128 -3872 3824 -17404
-864 96 143 -4016 3872 -17528
-883 97 143 -3740 3768 -17444
-890 100 142 -3772 3876 -17484
-850 125 130 -3812 3844 -17400
-876 92 137 -3640 4064 -17532
-889 86 132 -3796 4060 -17540
-872 88 144 -3764 3936 -17588
-868 100 127 -4092 3596 -17348
-863 81 130 -3916 3596 -17568
-904 96 132 -3864 3788 -17476
-847 91 127 -3852 3760 -17496
-869 84 137 -3856 3784 -17492
-849 99 133 -3828 3708 -17616
-880 102 153 -3620 3824 -17592
-878 126 128 -4080 3808 -17604
-875 107 123 -3612 3688 -17476
-884 105 148 -3744 4064 -17460
-881 97 139 -3628 3836 -17456
-874 105 101 -3628 3908 -17528
-879 92 156 -3720 3852 -17504
-858 107 141 -3776 3872 -17508
-861 92 136 -3860 3856 -17572
-875 121 134 -3720 3584 -17504
-850 98 130 -3792 3808 -17348
-878 110 153 -3848 3820 -17452
-876 84 162 -3744 3876 -17576
-901 97 138 -3760 3808 -17644
-891 103 122 -3644 3804 -17748
-892 106 132 -3852 3828 -17448
-885 102 105 -3768 3776 -17492
-856 104 163 -3796 3804 -17468
-877 112 122 -3824 3820 -17548
-888 97 144 -3888 3588 -17496
-861 110 129 -3648 4088 -17512
-871 90 158 -3896 3832 -17460
-883 106 146 -3848 3876 -17640
-844 64 137 -3724 3740 -17624
-870 100 138 -3892 3864 -17536
-873 114 144 -3848 3792 -17576
-875 114 139 -3832 3816 -17508
-860 80 135 -3912 3832 -17564
-868 83 132 -3716 3884 -17552
-906 112 139 -3764 3836 -17628
-877 76 140 -3820 3868 -17544
-876 85 138 -3660 3804 -17524
-878 99 117 -3784 3884 -17412
-882 85 123 -3752 3632 -17576
-859 98 149 -3632 3620 -17572
-869 98 122 -3832 3960 -17452
-858 123 137 -3740 3800 -17352
-847 88 120 -3820 3784 -17524
-884 101 125 -3596 3660 -17660
-878 87 130 -3796 3600 -17468
-872 104 138 -3796 3780 -17632
-884 111 148 -3600 3828 -17596
-875 87 143 -4092 3888 -17540
-882 107 146 -3808 4068 -17508
-869 114 154 -3840 3588 -17472
-912 102 132 -3876 4088 -17516
-879 95 127 -3612 3760 -17516
-888 79 151 -3804 3640 -17424
-892 107 149 -3920 3820 -17644
-894 108 123 -3808 3876 -17340
-851 108 121 -3876 3860 -17632
-863 143 124 -3788 4088 -17476
-897 74 144 -3832 3836 -17548
-853 83 128 -3600 3848 -17636
-899 113 153 -3872 3804 -17576
-861 107 121 -3808 3736 -17604
-872 100 122 -3840 3796 -17508
-878 105 118 -3856 3800 -17632
-898 109 138 -3792 3728 -17560
-896 113 134 -3656 3804 -17516
-870 104 117 -3792 4060 -17616
-869 91 119 -3788 3852 -17452
-850 84 131 -4016 3656 -17536
-842 86 113 -3788 3892 -17568
-861 110 161 -3836 3800 -17516
-853 119 131 -3836 3732 -17476
-859 104 144 -3796 3768 -17556
-865 83 149 -3840 4080 -17568
-885 119 141 -3916 3892 -17332
-867 98 146 -3592 3912 -17584
-867 93 116 -3840 3828 -17576
-876 89 147 -3896 3816 -17468
-851 90 98 -3812 3852 -17496
-877 88 147 -3880 3804 -17536
-852 117 133 -3884 3844 -17568
-896 92 141 -3824 3812 -17636
-874 85 145 -3944 3880 -17604
-871 94 121 -3948 3820 -17556
-880 94 143 -3852 3892 -17604
-867 94 159 -3952 3880 -17564
-849 88 141 -3828 3868 -17472
-901 92 144 -3832 3716 -17472
-883 91 155 -3892 3716 -17540
-865 100 129 -3864 3616 -17452
-870 85 150 -3856 3776 -17480
-869 79 129 -4044 4060 -17440
-894 106 129 -3916 3928 -17608
-847 89 132 -3592 3796 -17588
-865 113 144 -4084 3592 -17616
-877 104 126 -3616 3628 -17560
-850 82 144 -3784 3800 -17612
-875 117 127 -4068 4060 -17416
-878 94 114 -3796 3832 -17564
-878 101 124 -3816 3636 -17540
-866 73 139 -3792 3784 -17492
-901 107 106 -3840 3588 -17476
-846 104 124 -3872 3868 -17528
-851 104 135 -3816 3812 -17568
-850 100 140 -3812 3876 -17536
-864 71 156 -3900 3812 -17628
-855 87 106 -3888 3880 -17560
-867 83 122 -4056 3796 -17532
-879 105 121 -3764 3756 -17576
-868 138 146 -3816 3824 -17552
-866 84 142 -3872 3848 -17660
-870 91 152 -3812 3796 -17428
-874 114 128 -3828 3640 -17532
-860 108 137 -3852 3652 -17508
-863 116 149 -3796 3800 -17568
-856 88 135 -3856 3876 -17504
-877 100 126 -3792 3724 -17584
-864 99 139 -3904 3804 -17452
-871 95 181 -3792 3876 -17616
-888 116 117 -3844 3840 -17664
-864 100 156 -3868 4084 -17404
-875 104 148 -4044 3768 -17452
-874 108 142 -3588 3884 -17636
-859 107 140 -3884 3728 -17572
-861 97 122 -3788 3796 -17548
-872 98 144 -3764 3824 -17644
-864 104 151 -3852 3804 -17440
-846 75 133 -3828 3844 -17568
-858 105 119 -3908 3824 -17636
-861 98 134 -4000 3812 -17592
-862 97 118 -3848 3720 -17544
-874 85 126 -3772 3760 -17688
-855 109 153 -3760 3804 -17424
-872 79 149 -3856 3752 -17640
-879 78 134 -3860 3884 -17552
-860 123 145 -3788 3820 -17580
-903 99 147 -3772 3844 -17544
-880 93 131 -3800 3800 -17568
-863 68 126 -3840 3812 -17580
-883 111 144 -3824 3864 -17608
-867 85 128 -3864 3876 -17540
-868 84 114 -3916 3924 -17468
-854 89 159 -3884 3832 -17472
-888 101 114 -3944 3888 -17436
-881 115 137 -4072 3872 -17652
-861 100 152 -3824 3748 -17652
-877 98 130 -3864 4068 -17448
-871 96 135 -3800 3792 -17504
-870 86 138 -3876 3904 -17460
-883 93 113 -3788 3816 -17656
-861 83 141 -3984 3828 -17548
-864 88 147 -3848 3864 -17540
-848 109 152 -3628 3800 -17592
-858 113 123 -3808 3744 -17444
-889 118 115 -3868 3864 -17624
-870 117 122 -3836 3616 -17436
-865 102 139 -3772 3820 -17420
-862 75 127 -3840 3864 -17536
-856 95 142 -4056 3800 -17448
-835 98 124 -3836 3644 -17508
-876 83 140 -3924 3936 -17480
-889 119 109 -3736 3888 -17600
-902 108 148 -3900 3860 -17384
-870 104 130 -4008 3804 -17568
-868 65 132 -3884 3768 -17604
-860 99 157 -3868 3940 -17572
-882 83 133 -4092 3800 -17400
-875 83 172 -3864 3832 -17508
-890 101 134 -4072 3796 -17556
-851 105 135 -3780 3796 -17400
-870 81 140 -3652 3612 -17584
-873 83 136 -3592 3804 -17472
-872 82 136 -3784 3768 -17756
-873 98 129 -3876 3800 -17412
-839 105 124 -3772 3820 -17508
-845 111 152 -3788 4088 -17544
-865 94 126 -3844 3804 -17636
-871 104 140 -3612 3652 -17556
-843 87 145 -3896 3872 -17476
-890 85 156 -3824 3876 -17616
-861 90 146 -3888 3828 -17500
-881 93 123 -3764 3880 -17592
-860 106 147 -3624 3872 -17640
-863 118 114 -3832 3824 -17588
-874 121 131 -3748 3892 -17460
-863 84 138 -3832 3728 -17532
-872 94 132 -3596 3760 -17512
-881 109 128 -3632 3840 -17736
-879 89 138 -3924 4080 -17688
-876 87 141 -3788 3840 -17556
-880 107 110 -3812 3932 -17544
-889 81 138 -4080 3740 -17560
-880 95 110 -3840 3748 -17488
-876 90 156 -3868 3844 -17496
-847 94 137 -3908 3832 -17456
-866 78 135 -3892 3796 -17656
-852 93 149 -3836 3876 -17604
-865 88 139 -3820 3864 -17676
-881 115 133 -3844 3852 -17600
-890 101 152 -3840 3844 -17660
-878 112 114 -3768 4052 -17552
-875 90 132 -3788 3824 -17588
-870 86 134 -3764 3716 -17528
-858 119 150 -3872 3796 -17368
-862 96 162 -4052 3824 -17584
-861 93 148 -3856 3796 -17504
-865 114 149 -3792 4060 -17424
-866 99 136 -3784 3852 -17476
-848 88 164 -3836 3828 -17572
-849 108 115 -3796 3864 -17468
-872 122 129 -3736 3936 -17484
-886 96 132 -3908 3784 -17520
-872 94 152 -3784 3884 -17536
-885 86 129 -3904 3588 -17656
-866 81 121 -4080 3796 -17492
-888 88 134 -3808 3916 -17588
-883 101 114 -3884 3868 -17580
-860 103 162 -3764 3924 -17412
-875 119 140 -3864 3840 -17536
-852 88 129 -3832 3772 -17484
-861 76 113 -4084 3860 -17516
-854 112 146 -3772 3832 -17576
-871 90 144 -3596 3812 -17644
-856 91 157 -3892 3880 -17548
-852 98 152 -3968 3840 -17584
-864 91 120 -3832 3732 -17520
-892 98 109 -4052 4048 -17432
-873 98 128 -3760 3932 -17544
-864 81 131 -3776 3780 -17624
-862 89 101 -3612 3788 -17588
-878 120 134 -3788 3960 -17468
-875 115 138 -3648 3612 -17448
-885 74 144 -3852 3824 -17540
-845 103 140 -3856 3908 -17276
-893 106 127 -3748 3836 -17588
-882 94 137 -4064 3976 -17588
-895 102 153 -3840 3808 -17472
-888 72 104 -3600 3772 -17448
-886 86 148 -3880 3764 -17564
-852 98 143 -3856 3804 -17560
-883 88 136 -3824 3868 -17536
-876 75 115 -4016 3832 -17456
-896 97 112 -3868 3764 -17416
-872 100 135 -3828 3604 -17588
-876 95 136 -3624 4088 -17484
-885 84 163 -3888 3868 -17556
-869 111 140 -4092 3820 -17532
-893 98 134 -3832 3784 -17596
-861 89 144 -4056 3596 -17696
-872 70 118 -3884 4064 -17540
-865 109 137 -3908 3808 -17636
-859 103 125 -3916 4080 -17520
-889 91 130 -3812 3792 -17336
-868 105 133 -3788 3840 -17632
-872 94 143 -3796 3812 -17460
-861 105 148 -3764 3908 -17568
-891 115 134 -3852 3848 -17632
-867 106 125 -3864 3960 -17600
-856 102 143 -3844 3784 -17464
-893 87 108 -3784 3828 -17428
-843 107 171 -3824 3808 -17492
-894 99 152 -3912 3800 -17676
-883 95 149 -3852 3836 -17588
-888 103 137 -3888 3888 -17580
-884 107 142 -3860 3812 -17480
-887 84 140 -3816 3744 -17548
-853 102 134 -3864 3692 -17560
-876 108 125 -3796 3852 -17556
-888 115 151 -3824 3828 -17488
-895 113 113 -3740 3824 -17540
-859 105 131 -3852 3872 -17508
-866 77 136 -3852 3824 -17572
-874 76 122 -3772 3792 -17448
-852 95 122 -3916 3780 -17724
-908 82 113 -3852 3884 -17552
-854 102 157 -3828 4044 -17660
-867 96 136 -3932 3596 -17204
-864 89 123 -3832 3868 -17528
-874 97 124 -3796 3812 -17524
-881 103 139 -3848 3864 -17540
-855 81 126 -3884 3804 -17520
-858 93 152 -3824 3828 -17604
-840 97 145 -3760 3940 -17560
-845 94 120 -3780 3876 -17588
-872 75 145 -3892 3700 -17476
-881 109 122 -3836 3844 -17372
-872 91 163 -3892 3776 -17592
-902 91 178 -3864 3832 -17532
-893 87 122 -3592 3588 -17484
-862 92 140 -3836 3812 -17588
-873 90 132 -3620 3588 -17668
-869 104 139 -3804 3788 -17628
-879 108 145 -3636 3884 -17512
-873 121 134 -3604 3812 -17476
-866 106 117 -3824 3796 -17492
-872 105 124 -3612 3744 -17332
-874 77 111 -3896 3936 -17516
-847 81 131 -3688 4028 -17656
-884 99 132 -4084 3620 -17612
-864 73 140 -3812 3840 -17540
-860 104 148 -3940 4084 -17604
-863 80 110 -3816 3780 -17524
-884 107 147 -3808 3760 -17480
-869 113 154 -3828 3736 -17444
-869 82 127 -3884 3884 -17652
-860 77 134 -3836 4068 -17552
-862 101 142 -3760 3828 -17424
-892 108 154 -3884 3868 -17512
-885 102 139 -3600 3840 -17484
-876 132 140 -3816 3776 -17448
-860 114 133 -4080 3760 -17408
-871 112 132 -4064 3852 -17516
-857 100 135 -3820 4048 -17468
-899 103 136 -3880 3828 -17488
-893 110 123 -3840 3588 -17476
-884 96 124 -3904 4024 -17176
-887 89 129 -3920 3776 -17528
-862 101 146 -3860 3824 -17568
-867 86 126 -4072 4088 -17496
-881 92 168 -3828 3856 -17508
-837 91 132 -3756 3856 -17720
-877 80 132 -3816 3792 -17444
-876 89 140 -3784 3844 -17460
-869 99 146 -3876 3784 -17472
-885 106 138 -3796 3760 -17556
-868 87 130 -3852 3884 -17216
-872 101 165 -3848 3716 -17548
-880 76 139 -4080 3896 -17640
-871 110 149 -3832 3788 -17584
-842 101 144 -3804 3792 -17608
-864 105 167 -3932 3824 -17416
-839 93 148 -3868 3840 -17520
-868 112 128 -3904 3812 -17436
-879 85 147 -4060 3780 -17504
-876 107 129 -3864 3820 -17548
-869 89 124 -3832 3804 -17468
-865 128 152 -3816 3736 -17568
-873 76 128 -3828 3844 -17592
-854 94 116 -3804 3756 -17544
-886 124 128 -3840 3844 -17596
-893 134 109 -4040 3788 -17456
-860 92 146 -3864 3856 -17556
-848 85 150 -3896 3816 -17504
-865 117 141 -3868 3832 -17496
-864 104 153 -3840 3824 -17552
-856 110 143 -3684 3592 -17640
-872 109 129 -3768 3896 -17596
-882 107 119 -3696 3872 -17648
-868 80 120 -3812 3844 -17552
-863 95 159 -3600 3816 -17616
-853 105 129 -3620 3832 -17532
-885 87 145 -3596 3732 -17580
-874 104 133 -3916 4052 -17576
-870 101 155 -3880 3616 -17732
-885 104 143 -3848 3644 -17632
-864 106 141 -3896 3928 -17520
-845 100 144 -3800 4080 -17548
-870 100 128 -3860 3748 -17520
-862 81 127 -3588 4080 -17584
-892 81 146 -3836 4088 -17544
-874 99 99 -3856 3884 -17532
-841 126 127 -3908 3608 -17496
-867 89 151 -3836 3796 -17512
-890 101 109 -3608 3812 -17476
-867 81 116 -3600 3792 -17564
-873 78 148 -3840 3596 -17572
-882 86 131 -3836 4024 -17228
-884 95 134 -3884 3600 -17664
-869 88 117 -4084 3888 -17548
-883 96 133 -3880 3824 -17552
-885 101 130 -3824 3852 -17532
-843 105 124 -3884 3624 -17544
-872 89 125 -3840 3748 -17420
-868 118 161 -3804 3816 -17548
-866 77 116 -3800 4068 -17476
-882 103 128 -3840 3864 -17404
-879 97 118 -3972 3800 -17604
-884 100 149 -3808 3736 -17656
-857 63 119 -3816 3896 -17456
-878 110 117 -3840 4056 -17460
-850 99 141 -3868 3844 -17412
-878 85 126 -3832 3776 -17548
-863 66 124 -3920 3800 -17504
-891 81 134 -3928 3876 -17592
-875 120 150 -3828 3784 -17404
-865 99 130 -3744 3828 -17568
-889 93 141 -4008 3792 -17576
-867 126 116 -4060 4080 -17452
-880 124 130 -3820 3848 -17408
-869 107 154 -3848 3872 -17488
-868 99 136 -3932 3812 -17608
-855 108 132 -3836 3876 -17556
-850 74 129 -3872 3584 -17508
-874 92 152 -3848 3772 -17632
-871 69 127 -3804 3792 -17192
-854 97 138 -3820 3908 -17416
-860 92 98 -4088 3752 -17448
-849 91 133 -3876 3788 -17512
-885 89 143 -3756 3812 -17612
-850 108 136 -3800 3784 -17476
-851 107 150 -3884 3840 -17448
-864 93 113 -3856 3904 -17572
-870 94 148 -3816 3828 -17456
-884 100 115 -3604 3824 -17488
-858 89 119 -3776 3600 -17528
-892 74 119 -3860 4072 -17460
-895 95 144 -3608 3796 -17644
-891 87 109 -3756 3872 -17636
-859 90 157 -3808 3800 -17532
-843 88 127 -3952 3864 -17532
-880 91 111 -3892 3756 -17516
-875 94 109 -3852 3768 -17636
-865 107 127 -3848 3888 -17440
-849 88 110 -3888 3600 -17508
-887 110 144 -3892 3836 -17556
-879 107 135 -3784 3888 -17620
-899 82 133 -4096 3796 -17468
-871 102 156 -3856 3856 -17636
-862 96 147 -3892 3912 -17528
-874 116 140 -3876 3752 -17812
-877 122 121 -3768 3852 -17504
-899 72 156 -3812 3852 -17604
-856 97 139 -3756 3880 -17604
-864 104 126 -3700 3856 -17596
-869 116 127 -3844 3592 -17332
-873 111 132 -3836 3848 -17588
-856 94 111 -3632 3868 -17532
-874 91 123 -3616 3824 -17568
-879 106 118 -3612 3796 -17516
-872 109 117 -3908 3816 -17632
-885 80 138 -3616 4052 -17604
-853 81 138 -3696 3824 -17644
-869 101 154 -3852 3624 -17528
-895 93 122 -3988 3656 -17480
-821 98 139 -3880 3952 -17532
-869 111 134 -3800 3820 -17436
-875 83 123 -3964 3940 -17184
-873 86 128 -3780 3884 -17520
-901 68 126 -3868 3796 -17524
-886 89 125 -3848 3832 -17472
-908 86 140 -3772 3892 -17420
-908 99 141 -3860 4076 -17636
-898 158 147 -3972 3996 -17568
-862 111 133 -3936 3900 -17696
-863 115 129 -3616 3836 -17472
-897 92 107 -3856 3792 -17584
-855 104 159 -3824 3772 -17732
-848 103 136 -3784 3764 -17536
-867 100 145 -3900 3756 -17460
-874 120 134 -3728 3844 -17348
-862 93 128 -3772 3836 -17576
-849 104 131 -3612 3840 -17592
-876 102 164 -3876 3864 -17352
-881 72 132 -3796 3804 -17452
-864 86 119 -3800 3832 -17488
-866 118 161 -3916 3904 -17624
-851 90 137 -3780 3600 -17572
-854 108 129 -3896 3784 -17240
-895 86 143 -3852 3772 -17508
-850 115 154 -3872 3880 -17564
-901 109 143 -3876 3784 -17468
-862 83 136 -3820 3956 -17496
-884 109 125 -3928 3872 -17604
-893 88 119 -3872 3612 -17592
-859 96 153 -3880 3856 -17544
-882 116 155 -3796 3848 -17264
-857 111 140 -3848 3904 -17476
-875 118 131 -3804 3800 -17464
-915 96 170 -3840 3844 -17636
-902 95 118 -3956 3896 -17584
-891 54 142 -3960 3608 -17596
-876 111 139 -3836 3888 -17524
-872 100 141 -4072 3616 -17488
-856 86 133 -3832 3904 -17540
-865 95 137 -3772 3972 -17480
-877 114 126 -3828 3868 -17424
-870 101 132 -3772 3852 -17508
-884 74 160 -3768 3884 -17628
-839 91 151 -3776 3744 -17456
-883 104 109 -3792 3792 -17420
-873 62 127 -3604 3636 -17652
-861 113 135 -3840 3908 -17536
-880 108 135 -3864 3864 -17484
-847 104 127 -3880 3828 -17552
-857 112 130 -3876 3788 -17496
-863 94 149 -3836 3900 -17544
-876 104 153 -3876 3904 -17524
-837 135 155 -3760 3808 -17484
-892 88 113 -3808 3844 -17512
-880 101 170 -3852 4012 -17480
-844 78 142 -3928 3816 -17492
-889 83 132 -3900 3876 -17524
-891 129 110 -3852 3856 -17500
-868 144 143 -3820 3868 -17624
-870 104 111 -3896 3676 -17560
-887 102 139 -3860 3740 -17504
-863 89 144 -3868 3848 -17484
-862 98 117 -3840 3856 -17440
-886 112 123 -3752 3852 -17580
-889 98 119 -3756 3968 -17456
-872 73 125 -3832 3856 -17576
-866 100 137 -3836 3776 -17584
-850 100 136 -3872 3872 -17608
-865 108 143 -3828 3588 -17532
-891 96 145 -3856 3836 -17448
-879 107 126 -3700 3892 -17504
-875 101 168 -3792 3812 -17540
-897 101 121 -3876 3820 -17508
-886 102 156 -3864 3716 -17496
-884 90 146 -4088 3888 -17472
-851 95 138 -3816 4028 -17464
-871 80 126 -3788 4056 -17576
-879 98 159 -3744 4048 -17480
-847 94 139 -3884 3600 -17612
-857 100 112 -4096 3864 -17536
-873 95 140 -3852 3928 -17588
-859 100 138 -3884 4080 -17516
-854 77 138 -3816 4024 -17512
-887 118 117 -3876 3884 -17500
-839 107 151 -3808 3848 -17616
-863 96 149 -3848 3824 -17536
-882 93 184 -3864 3752 -17572
-868 101 142 -3836 3884 -17504
-885 118 172 -4020 3920 -17628
-892 92 105 -3928 3912 -17568
-872 76 136 -3912 3760 -17464
-855 109 124 -3748 3776 -17596
-884 94 132 -4092 3788 -17548
-865 105 126 -3816 3792 -17544
-857 121 136 -3704 3932 -17532
-876 86 136 -3820 3808 -17500
-863 76 128 -3904 3884 -17548
-874 99 163 -3700 3792 -17420
-883 108 136 -3596 3840 -17500
-865 92 112 -3932 3792 -17584
-843 99 123 -3840 4084 -17572
-878 100 150 -3948 3956 -17584
-887 122 140 -3788 3884 -17544
-889 112 132 -3904 3924 -17528
-869 98 125 -3916 3812 -17576
-872 95 117 -3800 3824 -17464
-884 92 134 -3860 3896 -17408
-865 102 151 -3824 3620 -17592
-859 102 146 -3828 3744 -17592
-879 93 128 -3888 3792 -17556
-881 73 124 -3740 4004 -17600
-892 76 154 -3884 3848 -17540
-870 89 122 -3908 3828 -17580
-877 79 146 -3752 3888 -17572
-890 94 132 -3900 3756 -17604
-861 91 135 -3856 3836 -17588
-862 114 143 -3852 3812 -17508
-877 87 108 -3848 3964 -17880
-905 94 133 -3796 3856 -17556
-884 132 152 -3872 3872 -17536
-891 120 138 -3816 3860 -17616
-854 101 137 -3880 3732 -17520
-887 107 150 -3868 3796 -17572
-898 80 144 -4028 3624 -17700
-857 104 136 -3808 3864 -17464
-871 105 125 -3856 3832 -17636
-886 105 124 -3892 4072 -17568
-838 101 160 -3864 3804 -17512
-863 109 140 -3940 3900 -17544
-867 85 141 -3824 3824 -17596
-860 79 125 -3664 3884 -17416
-878 96 131 -3836 3812 -17528
-856 105 140 -3816 3848 -17432
-875 94 127 -3852 3632 -17480
-866 117 157 -3780 3948 -17600
-854 94 158 -3896 3812 -17384
-865 113 163 -3828 3844 -17524
-867 97 124 -3800 3804 -17596
-869 95 141 -3804 3908 -17404
-857 99 140 -3788 3892 -17544
-856 121 130 -3864 3772 -17600
-878 105 126 -3752 3944 -17520
-857 108 124 -3904 3848 -17568
-859 113 145 -3860 3920 -17536
-891 95 131 -3816 3816 -17632
-850 91 155 -3612 4044 -17196
-850 105 134 -3772 3620 -17492
-859 69 136 -3824 3784 -17564
-930 105 69 -3732 4212 -17764
-811 104 98 -4092 3716 -17380
-1001 87 155 -3808 3796 -17756
-660 107 196 -3768 3892 -17672
-991 95 133 -3848 3876 -17288
-851 92 118 -3896 4052 -17524
-878 103 125 -3812 4016 -17288
-836 88 168 -3776 3864 -17704
-789 111 150 -3924 4024 -17452
-875 99 118 -4056 3956 -17536
-884 99 104 -3840 3928 -17556
-865 108 159 -3756 3844 -17556
-900 102 118 -3688 3892 -17564
-898 90 135 -3812 3864 -17540
-891 79 135 -3808 3816 -17564
-874 93 131 -4084 3872 -17520
-867 90 157 -3872 4032 -17168
-852 124 113 -3772 3900 -17352
-897 109 146 -3620 3764 -17420
-855 81 137 -3772 4020 -17572
-855 66 161 -3848 3880 -17452
-909 96 134 -3868 3864 -17528
-857 89 147 -3740 3780 -17552
-871 104 155 -3860 3880 -17636
-888 116 160 -4068 3788 -17548
-864 110 153 -3920 3832 -17436
-907 95 109 -4072 3920 -17420
-892 92 155 -3836 3584 -17596
-879 81 152 -3832 3928 -17484
-917 104 146 -3804 3884 -17516
-886 115 152 -3780 3844 -17540
-846 96 140 -3888 3812 -17468
-871 105 132 -3792 3844 -17508
-861 95 144 -3804 3888 -17556
-866 109 130 -4088 3860 -17492
-877 88 134 -3796 3584 -17472
-888 114 156 -3816 3812 -17544
-904 86 116 -3848 3904 -17440
-875 100 137 -3720 3892 -17548
-880 74 123 -3736 3868 -17536
-888 101 136 -3912 3876 -17520
-871 90 116 -3872 3936 -17516
-880 93 122 -3808 3912 -17552
-867 95 133 -3860 3816 -17520
-892 110 133 -3648 3880 -17592
-873 107 116 -3944 3764 -17592
-856 114 121 -3836 3668 -17508
-867 90 110 -3800 3844 -17544
-881 116 138 -3700 4040 -17456
-866 103 115 -4084 3856 -17516
-857 103 125 -3772 3872 -17488
-868 105 138 -3900 3892 -17476
-874 86 128 -3880 3868 -17484
-850 83 116 -3832 3868 -17472
-887 101 150 -3876 4008 -17568
-856 121 126 -3832 3848 -17536
-880 94 120 -4012 3896 -17528
-867 91 137 -3752 3840 -17564
-901 110 152 -3808 3976 -17584
-894 96 157 -3844 3952 -17460
-869 70 136 -3832 3848 -17448
-870 95 135 -3732 3904 -17536
-872 102 157 -3836 4084 -17484
-897 89 121 -3812 4044 -17508
-857 105 118 -3896 3896 -17600
-848 101 101 -4160 3840 -16700
-877 111 120 -3784 3872 -17548
-875 95 127 -3828 3784 -17640
-882 99 151 -4040 3880 -17384
-871 99 137 -3900 4012 -17584
-880 82 125 -3772 3648 -17576
-875 85 147 -3712 3936 -17544
-861 112 153 -3916 3900 -17596
-856 87 106 -3952 3852 -17468
-870 129 134 -3804 3928 -17584
-915 113 146 -3932 3884 -17564
-871 96 163 -3816 3856 -17600
-882 88 121 -3744 3868 -17516
-873 90 131 -4092 3868 -17532
-869 102 151 -3828 3836 -17508
-844 111 161 -3632 3916 -17512
-849 109 145 -3836 3944 -17596
-895 78 135 -3756 4076 -17644
-859 122 135 -3712 3816 -17508
-854 104 127 -4076 3844 -17464
-856 84 137 -3856 3952 -17540
-883 71 143 -3916 3920 -17596
-883 93 171 -3928 3852 -17344
-865 105 127 -3868 3840 -17556
-871 99 132 -4044 3900 -17472
-891 89 132 -3808 3996 -17532
-879 108 151 -3876 3812 -17540
-882 103 127 -3852 3932 -17508
-866 83 136 -3848 3768 -17464
-854 75 136 -3876 3892 -17620
-858 87 178 -3856 3824 -17456
-830 92 135 -4080 3800 -17556
-884 127 158 -3768 3924 -17580
-857 111 147 -3592 3832 -17460
-858 101 130 -3788 3908 -17396
-894 82 150 -3680 3840 -17584
-882 84 158 -3608 3804 -17524
-881 74 117 -3720 3624 -17580
-861 93 131 -3696 3880 -17488
-882 100 119 -4004 3892 -17492
-867 90 142 -3876 3884 -17516
-876 92 132 -3824 3840 -17488
-876 96 149 -3628 3864 -17416
-881 85 146 -3752 3900 -17652
-885 106 126 -3752 3768 -17872
-845 92 128 -4080 4080 -17192
-854 111 135 -3864 3828 -17440
-874 93 142 -3804 3884 -17436
-862 110 119 -3884 3844 -17560
-848 107 153 -3844 3800 -17616
-879 117 144 -3712 3836 -17640
-883 74 148 -3872 3944 -17412
-884 93 127 -3692 3912 -17464
-862 86 124 -3788 3884 -17676
-871 70 117 -3908 3872 -17468
-892 98 137 -3828 3920 -17460
-848 121 119 -3812 3896 -17648
-872 81 123 -3836 3860 -17604
-872 112 134 -3780 3852 -17508
-875 95 130 -3764 3892 -17544
-912 87 155 -3804 3796 -17556
-853 113 119 -4048 3836 -17528
-885 106 117 -3804 3824 -17668
-892 81 97 -4076 3928 -17612
-866 100 129 -3812 4076 -17528
-870 93 122 -3812 3868 -17516
-871 101 144 -3824 3952 -17584
-851 124 145 -3928 4044 -17624
-883 78 110 -3680 4072 -17552
-855 99 122 -3592 3856 -17544
-869 80 137 -3996 3592 -17472
-880 79 142 -3764 3840 -17524
-884 87 120 -3756 3896 -17424
-888 90 124 -3780 3840 -17456
-888 100 131 -3712 4000 -17524
-865 112 132 -3792 3616 -17392
-871 103 125 -3912 3908 -17608
-863 99 122 -3776 3928 -17416
-894 107 149 -3624 3600 -17488
-866 117 153 -4024 3848 -17244
-852 90 136 -3824 3936 -17168
-893 84 114 -4052 3904 -17540
-877 98 148 -3816 3968 -17452
-903 96 152 -3704 3796 -17592
-854 98 135 -3828 3912 -17588
-854 94 136 -3856 3964 -17632
-885 99 122 -3716 3656 -17620
-882 122 126 -3864 3608 -17532
-864 93 126 -3612 3908 -17492
-900 106 151 -3748 3940 -17516
-879 96 149 -3816 3684 -17568
-866 83 96 -3728 3912 -17716
-864 97 115 -3768 3940 -17600
-873 75 143 -3848 3856 -17568
-856 86 110 -3792 3908 -17528
-889 88 110 -3908 3884 -17620
-864 89 151 -3720 3884 -17592
-890 96 156 -4044 4076 -17664
-869 86 120 -3624 3868 -17656
-887 76 159 -3828 3844 -17472
-891 92 123 -3716 3888 -17576
-871 93 158 -3968 3956 -17608
-877 66 131 -3848 3872 -17396
-890 110 131 -3844 3924 -17648
-889 78 150 -3796 3892 -17420
-873 102 120 -3756 3904 -17400
-878 101 133 -4092 3676 -17276
-880 112 138 -3732 3848 -17536
-892 88 113 -3980 3912 -17600
-870 95 157 -3876 4012 -17316
-861 98 143 -3796 3912 -17612
-879 109 143 -3804 3844 -17520
-890 102 148 -3720 3936 -17364
-861 118 137 -3768 3900 -17568
-888 85 174 -3660 3948 -17600
-861 106 127 -3728 3964 -17504
-894 108 103 -3880 3820 -17536
-890 86 145 -3828 4040 -17616
-871 104 132 -3892 3968 -17504
-859 92 140 -3832 3888 -17520
-875 95 136 -3796 3984 -17480
-871 102 140 -3812 3800 -17504
-864 104 137 -3772 3896 -17696
-899 87 113 -3828 3992 -17568
-884 117 128 -3784 3924 -17476
-877 87 127 -3696 3928 -17476
-845 89 117 -3772 3880 -17456
-874 123 130 -3824 3880 -17608
-871 124 121 -3792 3928 -17432
-868 92 121 -4004 3844 -17488
-865 92 137 -4072 3828 -17508
-866 93 115 -3660 3808 -17564
-861 108 139 -3784 3892 -17520
-894 96 113 -3868 3864 -17456
-907 98 137 -3780 3820 -17476
-875 88 143 -3820 3912 -17632
-896 113 116 -3788 3928 -17648
-872 100 133 -3788 3876 -17412
-866 114 128 -3892 3888 -17576
-859 95 123 -3728 3828 -17508
-882 98 136 -3812 3844 -17504
-862 89 138 -3720 3872 -17488
-872 110 144 -3788 3668 -17572
-853 80 146 -3752 3924 -17460
-876 105 151 -3760 3888 -17504
-875 114 119 -3872 3856 -17528
-876 92 131 -4004 3616 -17528
-868 102 138 -3776 3620 -17556
-913 93 146 -3592 4068 -17492
-868 88 109 -3852 3844 -17468
-867 93 149 -3868 3852 -17484
-861 94 113 -4064 3928 -17496
-889 95 104 -3816 3908 -17432
-867 104 116 -3868 3900 -17624
-878 113 138 -3788 3872 -17488
-882 89 146 -4088 3956 -17432
-857 100 136 -3804 3952 -17540
-889 97 111 -4064 3840 -17520
-883 101 134 -3872 4088 -17656
-872 94 132 -3796 3832 -17700
-853 105 138 -3852 3868 -17432
-870 97 133 -3924 3832 -17588
-891 111 118 -3796 3848 -17492
-870 119 129 -3720 3604 -17384
-845 102 117 -3812 3936 -17496
-881 90 146 -3856 3940 -17468
-867 72 138 -3844 3876 -17456
-867 83 139 -3836 3868 -17448
-886 111 142 -3892 3836 -17500
-873 93 129 -3788 3916 -17472
-882 140 135 -3832 3864 -17508
-868 83 123 -3740 3964 -17540
-859 125 148 -3596 3920 -17524
-872 68 129 -3860 3776 -17608
-872 89 125 -3800 3892 -17616
-863 108 119 -3772 3820 -17420
-874 94 118 -3840 3924 -17468
-885 80 130 -3608 3884 -17672
-869 91 147 -3792 4076 -17472
-863 108 139 -4056 3968 -17588
-878 75 137 -3816 4084 -17520
-871 133 142 -3820 3864 -17628
-894 107 139 -3720 3800 -17476
-852 105 113 -3776 3944 -17544
-889 91 139 -3772 3876 -17612
-871 89 139 -3924 3940 -17624
-856 90 107 -4060 3864 -17436
-889 150 147 -3936 3848 -17612
-873 120 149 -3644 3916 -17496
-790 69 139 -3656 3912 -17776
-810 96 121 -3824 3940 -17252
-852 133 98 -3804 4024 -17504
-856 108 149 -3856 3920 -17456
-954 76 127 -3876 3880 -17484
-850 111 130 -3784 3852 -17416
-852 105 143 -3600 3652 -17424
-879 109 136 -3832 3884 -17548
-879 74 118 -3604 3888 -17332
-889 106 129 -3720 3876 -17484
-875 97 124 -3884 3896 -17528
-864 98 109 -3824 3852 -17512
-868 111 129 -3908 3956 -17464
-882 114 150 -3780 4068 -17240
-871 95 101 -3816 3996 -17604
-862 99 133 -3788 3932 -17556
-889 118 138 -3796 4080 -17472
-842 99 153 -3760 4080 -17552
-869 103 143 -3772 3848 -17568
-850 87 121 -3812 3808 -17556
-873 122 131 -3764 3964 -17492
-856 120 130 -3768 4076 -17516
-867 120 153 -3864 3816 -17616
-891 119 151 -3768 4088 -17468
-877 100 121 -3764 3884 -17516
