-1080 -977 -989 5300 4936 12820
-2850 -746 -852 4532 4600 13472
-3390 -1645 -652 4896 4000 13600
-3067 -1059 -298 5284 2976 13796
-2735 -2166 108 4472 2764 13764
-2997 -2461 -462 6688 2340 13764
-3005 -3765 -572 5628 1568 13644
-3368 -6310 -767 5992 1792 12840
-5476 -5903 -1931 7156 2624 12520
-6835 -4784 -2071 8584 1916 12348
-5745 -4104 -201 8128 876 12876
-5159 -6438 2259 7384 3460 15632
-6418 -7033 3926 10236 1244 12248
-7103 -4682 2051 11008 -3036 9292
-4219 -3295 -48 11856 -4512 9140
-1212 53 -2296 12492 -3764 9632
1357 -512 -2111 9688 -1640 11820
3667 -25 -3196 12964 -3092 8096
3910 -3226 -858 11456 1724 11580
2053 -179 -1996 10756 1880 11716
1771 -171 -865 12084 612 11432
2663 1668 1534 13884 312 10804
2363 5355 3863 14788 2996 10500
221 8304 5017 10416 3616 10680
-2567 7336 4128 8032 3168 11888
-4215 6252 3246 8396 1156 12772
-4817 6511 2868 8188 1036 12312
-7212 7471 2755 7600 -128 13380
-8217 6714 2047 5712 -2528 12820
-8664 5920 999 5760 -2724 13964
-9979 4421 -548 3664 -3340 13668
-11262 2468 -2082 2960 -4504 13340
-11140 -1075 -3180 2112 -7560 12508
-7650 -4464 -4233 2584 -9680 12396
-2817 -6723 -4431 4852 -9084 12172
-1668 -6927 -4438 7476 -7292 11608
-1424 -5871 -4187 8232 -6524 11300
-880 -5621 -3781 8668 -7020 10880
196 -5697 -3583 8956 -6988 10452
1505 -6818 -3661 9396 -6740 10228
2232 -7682 -3921 10732 -5660 9392
1946 -7584 -3640 12704 -4240 8732
1359 -6406 -2852 12932 -3748 8048
1061 -5756 -2357 13596 -3424 7608
984 -5336 -1725 13924 -3128 7148
942 -4623 -943 14316 -3192 6588
1136 -3844 -338 14680 -3056 6472
997 -2697 68 15832 -2248 6128
229 -1017 839 15860 -1804 5692
-490 977 1474 15688 -2524 5936
-358 1671 1644 14924 -3616 6320
644 1697 1423 14728 -3956 6576
1377 2295 1297 15500 -3276 6844
1479 3864 1634 15248 -2824 6696
1027 5071 2034 14404 -3128 7504
1379 5352 2000 13364 -3496 8132
2342 5176 1790 12596 -4468 8716
4544 4596 1327 12016 -4036 9272
6143 4313 821 11936 -2772 9728
5391 4201 394 11440 -1208 10388
4113 4200 291 11224 -352 10512
2664 4186 506 10656 -32 11112
1519 4370 827 10460 -20 11272
943 4511 933 9628 -336 11584
687 4355 1273 9692 -428 12020
512 4536 1058 8888 -252 12212
288 4639 1196 8448 -212 12548
-36 4734 1334 8040 168 12804
-611 5159 1422 7508 264 13204
-1025 4979 1520 6592 388 13236
-1985 4901 1565 5892 -56 13340
-3118 4309 1388 5364 316 13312
-4658 3433 1209 5352 -704 13988
-5011 3921 928 6708 -840 14248
-5738 4860 1314 5004 -1832 14180
-6731 5034 931 3492 -1720 14404
-9475 3941 -58 1932 -2160 13908
-11825 1812 -1479 856 -4344 13844
-11301 -969 -3118 652 -6944 12876
-9724 -3861 -4455 1624 -8744 12452
-6524 -6210 -4498 3152 -9572 11784
-4075 -6264 -3708 5836 -8864 11584
-3716 -4935 -3184 6872 -8020 11336
-4073 -3773 -2690 7652 -8152 10868
-4167 -3405 -2371 7472 -8672 10576
-4263 -3226 -2009 8112 -8456 9792
-4677 -2799 -1398 8640 -8544 9308
-4893 -2034 -461 9292 -8636 8764
-5248 -1138 458 8988 -8996 8392
-5647 -1083 734 8612 -9744 8096
-5205 -1377 623 8044 -10468 7916
-4672 -1894 52 8124 -10752 7312
-4627 -2044 -355 8844 -10692 7200
-4652 -1694 -102 9652 -11408 6500
-4311 -1228 183 9432 -11148 6400
-3959 -560 409 9972 -11996 5692
-2592 105 1139 9776 -12980 6160
-1145 425 878 9368 -13332 5744
602 179 217 9196 -13144 6032
1871 61 -263 9160 -13100 6168
3395 176 -408 9420 -12704 6280
5348 228 -154 9116 -12368 6492
7489 -344 -12 8564 -11656 7100
8722 -474 -5 9044 -10476 7448
8694 -344 -555 9088 -8968 8044
8021 -237 -711 9612 -7964 8688
7332 381 -489 9428 -7136 9164
7062 454 -71 9128 -6944 9860
7232 553 104 10220 -6696 9984
7551 1441 -17 10228 -5464 10560
7796 2892 -253 10216 -4624 10904
8176 3962 -275 9432 -3888 11488
8375 4721 -284 8856 -2720 11892
7985 5032 -176 7940 -1220 11920
6716 4692 -539 6804 452 12056
5519 4186 -143 6788 1020 12720
4230 4612 359 6868 1776 12872
3071 6380 1050 6792 2692 13104
1607 7645 1449 4480 1980 14064
1800 6287 840 2004 836 15092
4079 2434 -426 16 448 15616
4683 -3194 -2322 108 3500 14936
3542 -5536 -2685 2968 4488 14512
1724 -5950 -2400 4524 5664 13676
-42 -5475 -2025 5460 5836 13516
-1218 -4879 -1539 5760 5120 13408
-1061 -4667 -1186 6128 4424 13176
-564 -5478 -1208 5732 3884 13124
-403 -6167 -1474 7520 5164 12696
-1320 -5569 -1313 8420 5404 12012
-1548 -4269 -663 9704 5556 10944
-2756 -3175 -10 9408 5268 11272
-3170 -2757 324 8584 4508 11512
-3344 -4095 -26 8956 3604 11816
-2996 -4902 -475 9124 3684 11436
-2813 -5228 -352 10176 4336 10716
-3345 -4469 -342 11716 4312 10600
-4387 -3436 120 11064 4008 10076
-4550 -3339 341 11108 2940 10164
-4354 -3716 495 11540 2632 10056
-4609 -3968 788 11808 1984 9940
-4400 -4436 852 11880 1900 9288
-4871 -4985 863 12216 1832 9316
-5745 -5968 1016 13236 1244 8780
-5637 -6210 1105 13552 820 7784
-5097 -6109 1332 14756 -24 6400
-4610 -5135 1409 15316 -584 6040
-4203 -4187 1616 15956 -1152 5364
-3228 -3177 1632 15708 -1452 5424
-2740 -2520 1351 15812 -1648 5152
-2377 -1967 956 15832 -1768 4880
-1994 -1474 524 15900 -1884 4468
-1324 -809 222 16320 -1912 4356
-369 378 369 17076 -1904 4088
700 2401 613 17164 -1792 4184
1885 5239 1279 17552 -1648 4600
2535 7335 1897 16000 -1724 5016
3285 8411 2148 15144 -1572 6260
2823 9559 2444 14532 -688 7036
1748 10533 2627 13592 -768 7936
1276 11047 2986 11608 -1056 8924
1093 11047 3000 10260 -1572 10448
908 10416 2305 8720 -1596 11900
492 8607 1373 7392 -1456 12784
303 7430 844 6936 -1660 13520
719 6491 597 6164 -1508 13732
949 6093 560 5912 -844 13820
519 6005 655 5880 -620 14156
-439 6479 918 4320 460 13832
-1407 6274 1076 3644 -156 14320
-1767 5909 1382 3284 -312 14652
-3536 5473 1034 1536 -404 14160
-3847 4759 1237 1268 -1368 14368
-3858 3453 900 -56 -2088 14540
-3891 1395 -340 -744 -2280 14828
-4321 -826 -1080 184 -1928 15048
-6089 -841 -837 1544 -2172 14684
-6839 -168 -274 1392 -3856 14180
-6071 -718 -115 1068 -5792 13892
-4470 -1717 -491 876 -6260 13724
-3440 -2228 -1138 1932 -6376 13840
-3306 -2086 -1425 2464 -5704 13660
-4124 -1671 -1592 3004 -5632 13320
-4950 -1629 -1564 2736 -6100 13160
-5315 -1851 -1499 2852 -6732 13252
-5311 -2463 -2040 2852 -7568 12768
-4917 -3249 -2451 3304 -8124 12360
-4743 -4087 -2826 4432 -8448 11676
-5042 -3789 -2549 5484 -8012 11324
-6019 -3078 -1969 6276 -8188 10720
-6692 -2975 -1880 6136 -9016 10184
-7167 -3302 -2110 6572 -9668 9272
-6602 -3224 -2318 7164 -10304 8940
-5984 -3039 -2538 7764 -10784 8440
-5610 -2698 -2246 8352 -10728 7568
-5595 -2385 -2132 8832 -10932 7204
-5711 -2304 -1939 9184 -10976 6412
-5540 -2025 -2028 9036 -11576 6552
-3524 -2655 -2339 9472 -12556 6000
-2849 -2205 -2622 9584 -11608 5876
-2179 -2609 -3418 9700 -11880 5360
-434 -2755 -3405 10156 -12140 5208
1443 -3138 -3383 10652 -11728 5020
2810 -3393 -3296 11384 -10812 4612
2843 -3062 -3201 12520 -8968 4544
1222 -2041 -3224 13060 -7492 4396
-874 -854 -3031 12664 -7884 4392
-987 -1304 -2803 12180 -9140 4572
455 -1982 -2341 12772 -8700 4684
1363 -1765 -1462 13716 -7436 4308
915 -585 -765 14212 -7264 4124
649 -235 -24 13808 -7704 4336
844 -271 -52 13316 -7792 4680
1580 -392 336 13436 -7900 4772
2612 -713 543 13660 -7968 4796
3413 -313 944 13932 -7588 4840
3772 -110 869 13912 -7232 5260
3492 94 629 13580 -6632 5444
3274 -24 359 13236 -6840 5772
3315 -307 234 13540 -6456 5752
2974 -553 143 13384 -6168 5716
3304 -1215 -632 14188 -6524 5836
4288 -1565 -903 13476 -6856 6136
5017 -1570 -1167 14400 -4860 5924
4180 -277 -893 15056 -3504 6352
2413 1236 -204 14784 -3280 6296
1869 1870 665 13744 -4144 6400
2464 1716 1423 13856 -4708 6484
3197 1797 2372 14000 -4324 7040
3159 2697 3545 13400 -4488 7400
4038 1648 3822 12224 -4504 7500
3948 729 3977 12352 -4236 8324
3527 -321 3642 11660 -3608 8276
3456 -1218 3672 12284 -3948 8732
3057 -1135 2900 13444 -3184 8988
1937 42 3264 13544 -3276 8508
1743 1117 4160 12760 -4008 8524
2032 1125 5109 11408 -4976 8772
2420 372 4268 11500 -5220 9644
3017 -533 3074 11388 -5092 9824
3494 -1176 1964 11876 -4460 9244
3527 -656 1447 12364 -3928 9136
3365 -186 1261 12704 -4168 8960
3160 -50 1352 12124 -3572 9708
2648 -426 611 11464 -3060 9760
2323 -1119 -85 11840 -2668 9696
1579 -1379 -579 12192 -2140 9980
871 -1311 -1004 12292 -1972 9688
395 -1228 -838 12412 -1392 9544
-786 -1262 -1197 12204 -736 9360
-1516 -1310 -1413 12360 -964 9296
-2678 -2075 -2412 11792 -1372 9112
-3285 -3287 -3100 12832 -596 8908
-4070 -3413 -3099 13876 -1144 8332
-3930 -2493 -2303 14672 -1928 7944
-3807 -988 -1108 15104 -1572 7108
-4573 -328 -968 14176 -1644 7224
-4931 -153 -884 13948 -1760 7456
-5376 -369 -788 13460 -1880 7208
-5821 -564 -1033 13488 -2160 7200
-6103 -1178 -1490 13572 -2752 6768
-5981 -1639 -1586 14068 -3536 6728
-5582 -1660 -1628 14656 -3012 6484
-5492 -1624 -1631 14984 -3600 6076
-5280 -1257 -1635 15176 -3412 5704
-5065 -428 -1443 15692 -3344 5200
-5167 264 -1160 15704 -3488 5104
-4914 1249 -578 15280 -3340 5052
-4909 1341 255 14680 -3952 5088
-4778 905 829 14524 -3880 5244
-4699 90 886 14616 -4224 5572
-4654 -122 936 14480 -5144 5252
-4123 -170 764 15268 -5360 5152
-4319 262 763 15468 -4632 4668
-4678 1629 1502 15044 -4960 4468
-4420 2356 2154 14544 -5556 4400
-3644 2410 2668 14012 -6384 4900
-2641 2112 2888 13616 -7076 5020
-2352 1977 2611 13524 -6996 5144
-2299 1772 2073 13360 -7384 5328
-2273 1572 1662 13340 -7748 5404
-1976 1355 1397 13344 -8124 5724
-1365 1362 1191 12724 -8088 5776
-905 1124 1052 12984 -8228 5832
-143 1239 1156 12804 -8636 5912
1605 1822 1557 13308 -8668 5920
2658 2932 1732 13116 -8168 6036
2568 3953 1941 12656 -7492 6828
1838 4096 1808 11748 -7260 7380
1739 3535 1462 10924 -7452 7780
1729 3020 1371 11236 -7440 8092
1148 4383 1741 12176 -6644 8472
509 6058 2626 10636 -7016 8792
494 6225 3691 9020 -7664 9136
1133 5662 3388 8044 -8244 9932
1467 4971 2686 6972 -8048 10832
1992 4049 2233 6592 -7656 11212
1910 3350 1713 6420 -7676 11280
2006 3053 1477 6404 -7348 11912
1959 3084 1238 5916 -7072 12096
2687 3003 780 5772 -7252 12360
3173 3186 922 5540 -6052 12696
3096 3201 633 4928 -5700 12968
2794 3248 383 4724 -5388 12892
2860 3545 621 4572 -4980 13384
2942 3894 694 3660 -4784 13772
3519 3549 461 3044 -4540 14220
4302 2515 226 2180 -4136 14444
4791 1449 -177 1912 -3372 14656
4953 345 -751 1912 -2440 15008
5367 -1042 -1165 1620 -1944 14828
6073 -2668 -1532 1544 -1144 14740
6485 -4487 -1630 2592 76 14428
6305 -4839 -1677 4160 1784 13736
5613 -3619 -1675 5524 3068 13348
4855 -1728 -1648 5820 3840 13524
2886 -195 -1415 6400 5112 12992
684 731 -1388 4504 5560 13356
-2091 -1984 -1797 1992 4480 14676
-3008 -7206 -2631 1968 4176 14428
-2650 -10880 -2761 5796 4304 13064
-2919 -10353 -2163 8480 4344 12944
-3407 -9312 -1758 8704 3840 11868
-3296 -9499 -1774 9116 3284 11200
-3281 -10348 -2164 9932 3312 10720
-3320 -10260 -2276 11480 3776 9684
-3450 -8864 -1824 13128 4084 8580
-3418 -7145 -664 13752 3372 8360
-3905 -5833 -46 14072 3388 7756
-3740 -5326 -148 14076 2652 7264
-3543 -4643 166 14228 3024 6968
-4034 -4812 263 14432 2824 6528
-4191 -4862 584 14824 2184 6024
-3768 -5061 669 15016 1608 5520
-3131 -4789 526 16240 1776 4720
-2897 -3479 814 16528 1736 4332
-2797 -2018 1417 16616 1548 4080
-2578 -1591 1403 16116 640 3860
-1898 -1599 760 15968 420 4300
-1526 -1182 392 16520 676 3820
-603 270 643 17820 656 2948
282 3540 1396 18004 1040 3064
487 5759 2228 17148 1164 3676
-33 6266 2442 15300 760 5016
-470 6110 2453 14844 556 5900
-54 6309 3069 14684 96 6380
166 6737 3079 14928 -384 6668
-10 8282 3934 14612 88 7376
-264 9640 4224 13060 -424 8056
-746 10074 4188 11636 -1148 9384
-639 9784 4051 10552 -1808 10352
-825 9445 3913 9692 -2000 11392
-922 9213 3721 9184 -2092 12128
-1364 9434 3610 8000 -2180 12580
-1595 9508 3519 6636 -2444 13032
-2162 9650 2961 5384 -2044 13160
-3372 9642 3415 3860 -2536 13640
-4206 8741 3215 2292 -3024 13804
-5480 6964 2255 492 -3204 14424
-6133 3893 620 -1208 -5292 14120
-5964 322 -907 -804 -5788 14436
-6116 -1556 -1726 584 -5908 13448
-6792 -1752 -1511 2268 -6132 13400
-8112 -1050 -574 2436 -6084 12772
-9912 -1120 -506 2024 -7500 12116
-10956 -1595 -1212 2120 -9080 11372
-10746 -1916 -1874 2508 -10784 10460
-9582 -2163 -2076 3336 -11664 9408
-3554 -3953 -1367 5424 -9988 8688
-4632 -1240 -565 5568 -12148 9292
-4150 -277 -48 5536 -11640 8148
-4292 193 -551 4060 -12252 8224
-4576 -117 -1059 3980 -12776 8172
-4487 -946 -1708 4044 -12936 7784
-4563 -1843 -2290 4740 -12792 7204
-4861 -1241 -2573 5412 -12516 6432
-5295 -1191 -2093 5516 -12868 5768
-5385 -776 -1713 5812 -13084 5248
-5263 -871 -1619 5548 -13236 4940
-5025 -1578 -1555 5912 -13552 4748
-4417 -1462 -1737 6176 -13608 4144
-3969 -1352 -990 7044 -13624 3724
-3683 -702 126 7284 -14272 3480
-3043 -335 887 7168 -14804 2748
-2158 -113 673 6948 -14820 2916
-1222 241 766 6860 -14816 2972
-248 523 384 6780 -15232 3096
826 460 96 6400 -15276 3276
2481 386 -138 6328 -16020 3552
4991 70 38 6576 -15476 3868
7198 199 835 6740 -14404 4524
8381 633 1740 7060 -13380 5104
8588 1349 2049 6732 -12748 5876
8393 1527 2183 5824 -12684 6508
8455 1032 1771 5624 -11364 8444
8328 331 1325 5188 -11376 8488
9240 -113 1117 5356 -10268 9640
10412 47 1614 5776 -10108 10040
11531 572 1960 5820 -9172 10776
12688 1462 1725 5872 -7468 11444
12702 2257 1351 5440 -4888 12320
11695 3207 807 4732 -3068 12952
9623 3258 363 3636 -964 13536
7025 2617 -190 3036 -164 13980
5121 1641 -379 2664 332 14476
3967 686 -645 2644 456 14648
4195 128 -727 2680 544 14688
4784 -59 -1066 2816 944 14480
5023 -704 -1460 2852 2240 14556
4820 -798 -1475 2988 3684 14084
3522 -395 -1762 3688 5060 14508
2578 539 -1486 3056 4552 14328
2063 -2003 -1951 720 5120 14752
989 -6360 -2203 1904 5100 14732
1293 -7365 -1111 4516 5652 13660
937 -7510 -422 5588 5456 12736
1072 -8391 399 4840 5140 12272
2301 -11284 1269 5508 5716 12096
1376 -12177 -313 9312 7696 10676
-329 -10241 385 10628 8144 9708
-2526 -9277 -100 10332 8120 8960
-4165 -8985 382 11180 6984 8888
-5729 -8655 430 11940 6208 8432
-6398 -8331 335 12928 4944 7208
-5682 -7924 821 13528 4280 6748
-5086 -7493 1143 14296 4072 6340
-4609 -6851 1722 15012 4192 4908
-4658 -5496 2671 15584 3980 4816
-5102 -4381 3555 15484 3392 4696
-4854 -4560 3942 14948 1900 4240
-4293 -5117 3592 15856 1284 3900
-4076 -4797 3184 16168 932 3196
-3908 -4270 3014 16676 528 2396
-3407 -3235 3020 17048 232 1652
-3055 -1893 3560 17432 -52 1224
-2846 -602 3852 17220 -508 1284
-2824 349 3939 16972 -1264 1692
-2733 1124 3466 17100 -1696 1380
-2183 2421 3051 17128 -2760 2000
-1630 3244 2767 16756 -2876 2380
-1033 3163 2416 15996 -3300 3000
-244 3062 1921 16340 -3340 3188
507 3547 1662 16292 -3604 3324
1423 4633 1669 16416 -3540 3824
2420 5974 1800 16008 -3444 4284
3060 6962 1910 15236 -3292 5348
2987 7318 1970 14656 -2896 6104
2309 7501 1950 13788 -2932 7100
1703 7507 1640 12852 -2896 8076
1034 7077 1245 12272 -2880 9072
852 6686 939 11660 -3200 9704
754 6232 862 11324 -3076 10124
1132 6985 1159 11400 -2460 10624
718 7730 1493 10388 -2128 11180
454 7998 1803 8980 -2580 11736
288 7443 1808 7840 -2564 12408
-48 6450 1547 6772 -2344 12908
-311 5382 1353 6164 -2496 13552
-465 4736 988 6264 -2560 13600
-710 4978 1326 5752 -2672 13532
-504 5330 1456 5148 -2452 13812
-826 5399 1458 4332 -2252 13840
-770 5556 1642 3448 -2104 14140
-1802 5038 1706 2792 -1692 14344
-3585 4372 1274 1764 -1776 14588
-5466 3324 783 768 -2908 14376
-5813 1245 287 568 -4388 14528
-5266 -416 -180 760 -5488 14108
-4795 -1164 -545 1552 -5364 13952
-4990 -1073 -559 2236 -5616 13772
-5284 -285 -408 2520 -5660 13792
-6035 19 -537 2412 -6360 13356
-6907 -133 -626 1848 -7236 12948
-7368 -1067 -1152 1448 -8080 12620
-7374 -2656 -1704 1828 -8692 12532
-7671 -3580 -1777 3092 -8964 11512
-7985 -2908 -1554 4588 -9892 10340
-8631 -2252 -1569 4312 -9860 9764
-9105 -2337 -1666 4628 -11024 8640
-9092 -2069 -1675 4944 -11876 7912
-8670 -1870 -1764 5220 -13344 6616
-7440 -1333 -2442 5508 -13596 6560
-6463 -1137 -2728 5444 -13336 6232
-5204 -1200 -2517 5932 -13568 5548
-4777 -1514 -1620 6436 -12972 4976
-5138 -1808 -841 7064 -13164 4848
-4836 -1389 36 7392 -13800 4272
-4046 -703 461 7264 -14168 3804
-3548 -202 373 7136 -14300 3528
-3106 -15 443 6796 -14204 3072
-2752 44 228 6764 -14444 2976
-1750 0 202 6940 -15204 2944
3 410 647 7068 -15536 3240
2889 421 1259 6676 -16328 3472
6055 251 1697 6532 -15868 3892
8660 -116 2814 6876 -14620 4208
10072 490 3013 6400 -13600 4996
10371 1095 3184 5852 -12800 6148
9411 1107 2485 5224 -11772 7352
8433 644 1615 4876 -11572 8388
8051 -110 1276 4460 -10772 9704
8293 -552 779 4768 -10368 10224
9201 -941 1288 4676 -9972 10984
10252 -1099 1146 5352 -8684 11052
10992 -440 863 5476 -7444 11700
11570 485 232 5356 -6148 11912
12359 1079 -1005 5344 -5584 11700
12040 1499 -2217 4452 -640 14236
8828 1344 -1854 5404 1172 13452
4773 1980 -1459 4920 2544 13604
1305 2005 -850 4056 2696 14008
-1261 1008 -620 3276 2576 14476
-3362 -240 -708 2868 1752 15064
-4274 -1628 -753 3244 220 15008
-4114 -2663 -979 3712 -504 14640
-3617 -3385 -985 4124 -1236 14704
-3082 -3755 -1134 4992 -1296 14220
-2850 -4711 -1562 5236 -1092 14084
-2983 -5547 -1946 6124 -1060 13724
-3796 -6212 -2172 6776 -1148 13372
-4578 -7029 -2114 7112 -1216 13300
-5245 -8630 -2603 7604 -2260 12544
-5698 -10608 -3294 8828 -1724 11636
-5890 -11077 -3584 11336 -1584 10068
-6465 -9938 -2795 12932 -2456 8416
-6634 -8975 -2304 13384 -2760 7352
-6237 -8112 -2025 13880 -2944 6436
-5701 -7295 -1429 14644 -3076 5700
-5533 -6335 -1074 15280 -3388 4748
-5698 -5683 -1167 15184 -3456 4008
-5263 -5238 -1190 15784 -3876 3532
-4724 -4456 -1189 16380 -3960 2732
-4283 -3669 -1262 16308 -3768 2108
-3807 -2915 -1108 16780 -3524 1660
-3462 -2017 -740 16888 -3476 1420
-2642 -1250 -98 16716 -3644 1388
-1811 -1015 222 16508 -3544 1420
-823 -7 676 16924 -4052 1300
894 1316 1328 17908 -4360 1072
2863 3091 2237 17164 -4052 1060
3699 4498 2908 16824 -3600 1548
3626 5412 3454 15928 -3760 2308
3097 5793 3807 15500 -4164 3260
2706 5816 3925 15216 -4000 4088
2528 6452 4307 15076 -4904 4960
2864 7289 4425 14608 -5376 5488
3866 8236 4692 13800 -5624 6336
4615 9129 4818 12376 -5196 7588
4816 9009 4445 11032 -5072 8908
3979 8768 3455 9924 -4500 10328
2289 8705 2684 8732 -4172 11428
1222 7942 2243 7832 -4804 12228
750 7393 2146 7664 -4080 12236
-324 7822 2325 7272 -3928 12748
-874 8541 2923 6424 -4928 13008
-467 8760 3715 4868 -4700 12956
-747 8688 4101 3156 -4000 13136
-2887 8515 3929 1960 -3776 13788
-5760 7223 2383 -112 -4356 13788
-7811 4958 649 -796 -5740 14092
-9381 2688 -648 -1152 -7168 12920
-9714 987 -1502 -788 -8248 12412
-9776 154 -2371 -720 -9408 11684
-9682 -267 -3316 164 -10744 11124
-9040 -974 -3385 368 -11248 10528
-7895 -1915 -3825 768 -11776 9736
-7672 -2483 -3447 1580 -12396 8760
-7426 -2264 -3189 2564 -12532 8252
-7487 -1992 -2712 3160 -13280 7336
-6922 -1895 -2316 3584 -13768 6564
-6156 -1943 -2435 3524 -13892 6264
-5281 -2814 -3132 3368 -14124 5808
-4786 -3144 -3474 4416 -14228 4896
-4540 -3029 -3394 5544 -13700 4488
-4863 -2733 -3725 6148 -13764 3632
-5074 -2249 -3707 6916 -14032 2984
-4832 -1776 -3261 7444 -14128 2564
-4556 -1338 -2817 7856 -14408 2288
-3661 -896 -2158 8072 -14524 2236
-2634 -711 -1570 7764 -14396 1756
-1605 -874 -893 8152 -14360 1460
-958 -575 -294 8556 -14160 1180
431 51 895 8904 -15320 1340
3700 347 2304 8240 -15548 1840
6783 345 3197 7928 -15460 2528
8510 671 3113 7616 -14464 2944
9190 929 2474 6984 -13524 3684
9052 1175 1421 6564 -13252 4692
8621 856 589 6156 -12620 5996
8533 539 -75 6328 -11832 7044
9072 588 -136 6476 -11240 8356
9390 444 129 6416 -9996 9264
9514 845 432 6976 -9476 9600
9076 1689 245 6876 -7960 10684
8199 2423 309 6388 -7068 11516
7704 2375 353 5320 -6768 12228
7978 1490 -111 5256 -5608 12616
7752 690 -724 4760 -5080 13196
7412 -833 -1800 4424 -3632 13696
6819 -2167 -3149 4784 -2460 13908
5856 -3468 -3446 5484 -708 14028
3708 -4333 -3082 6052 1080 13892
1117 -5785 -2400 5652 1152 13604
233 -7838 -1902 6228 708 13160
220 -9815 -1701 7924 684 12240
-191 -10510 -1926 10264 1596 11104
-2326 -8977 -1446 12596 3292 9840
-4906 -6525 -135 13212 2464 9036
-6078 -4263 1399 12712 56 8968
-5719 -4497 2148 11048 -696 8656
-5424 -5899 1814 12020 -1504 8348
-5203 -6764 1413 13408 -1992 7700
-5373 -6762 1070 14516 -2588 6864
-4402 -6359 595 15588 -3172 6036
-3603 -5777 401 15912 -3080 5364
-2914 -5200 127 16168 -2920 5040
-2795 -4674 12 16060 -3124 3888
-2515 -3281 -276 16600 -2952 3072
-2065 -2239 -176 16308 -2612 2664
-1361 -1535 -120 16632 -3080 2616
-1017 -703 51 16536 -3176 2452
-451 459 142 16404 -3152 2756
-26 1489 179 16804 -3148 2684
722 2869 616 17292 -3768 2836
1987 5007 900 17560 -3996 3104
3651 6935 761 16392 -3756 4028
5501 7640 -157 15084 -3644 5084
6925 7525 -980 14408 -3432 6080
7913 7176 -1746 13988 -1868 7052
8094 7295 -2141 13216 -268 8092
7251 6181 -2486 12008 912 9100
6231 3946 -2658 10956 1896 10124
6082 1671 -2875 10860 2136 10056
5414 79 -2918 11320 3828 9848
4208 -243 -2451 12392 4804 9300
3634 392 -1848 12436 4420 9156
3842 862 -1724 11884 5024 9324
3840 937 -1798 11532 5144 8468
4113 922 -2166 11780 5432 8792
4013 655 -2594 11056 7084 8456
2705 -305 -2477 10612 8276 8104
642 -1055 -1421 11052 9248 7828
-923 -939 27 11200 9316 7588
-2881 -1083 1340 10628 9500 7576
-4621 -1792 2180 10860 8900 7776
-6397 -1903 3144 11224 8508 7912
-7920 -1715 4134 12100 6528 8344
-8257 -1751 4555 12312 4916 8208
-8115 -1727 4724 12988 3752 8176
-7913 -1901 4723 12904 2824 8424
-7978 -2033 4722 13300 2084 8028
-8304 -1971 4608 13760 832 7604
-8168 -1130 4653 14032 -460 7424
-8099 -524 4646 14376 -1468 7228
-7561 320 4961 13588 -2312 7564
-7501 1080 4867 14288 -3324 7072
-7244 2529 4848 14328 -4416 6972
-6551 3906 4497 13296 -5536 7520
-6405 4330 3670 12944 -6004 7752
-6311 3657 3170 10928 -6440 8008
-6895 2500 2512 10892 -6752 8452
-7336 1322 1950 10624 -7572 7676
-7576 1050 1607 11000 -7964 7176
-7785 1807 1546 11776 -8744 6856
-7447 3249 2321 11480 -9228 6504
-6531 3858 3023 10392 -9964 6708
-6139 3523 3343 9596 -10400 6608
-6080 3079 3488 9276 -10820 6180
-6469 3302 3326 9092 -12116 5468
-6393 3087 2362 8100 -12576 5824
-6165 2241 1240 7576 -13040 5740
-5274 852 359 7296 -13668 5844
-4456 292 -674 7756 -13688 4668
-3330 619 -920 8312 -13844 4468
-1050 1602 240 8872 -14428 4844
2632 2109 1871 8336 -14868 4928
6548 2071 3047 8012 -14236 5336
8737 2588 3647 7968 -13252 5812
9512 3085 3701 7128 -12168 6568
9742 3407 3560 6576 -11764 7620
10257 3255 3075 5440 -10920 8672
10837 2808 2098 4616 -10496 9412
10702 1587 865 4168 -8436 11152
9746 1075 238 4504 -7056 11656
8858 942 9 4604 -5768 12256
7871 1309 -74 5004 -4868 12860
7059 1923 -200 4816 -3748 13252
5775 2775 -178 5028 -2592 13712
4296 3573 -173 4340 -1716 13720
2286 3674 -436 2772 -476 14064
-1403 2422 -975 2100 404 14756
-5035 -193 -2622 68 -1856 15564
-5328 -5755 -3726 4 -4536 14928
-1117 -11027 -4434 328 -7120 14248
4747 -15067 -4248 4092 -5928 12684
7061 -15183 -4780 7836 -2404 11888
5259 -13768 -5178 11340 1240 11160
2374 -10354 -4599 12872 3080 10252
-315 -7239 -2548 13404 3136 9532
-2430 -5263 -1412 13072 1648 9084
-2637 -4859 -688 12460 740 9140
-2298 -4977 -663 12888 164 9056
-2077 -5144 -1022 13508 724 8236
-2455 -4925 -1312 13948 1076 7860
-2986 -4896 -1417 14152 1200 7168
-3358 -4833 -1275 14344 980 6712
-4044 -5070 -1086 14496 1164 6024
-4590 -5150 -810 15156 820 5284
-4712 -5064 -305 15420 436 4796
-4380 -4596 -54 16120 52 4000
-3890 -3903 -83 16636 -172 3380
-3287 -2965 171 16780 -144 2888
-2700 -1905 666 17020 228 2860
-1924 -674 1413 17012 -352 2552
-854 848 1751 17688 -812 2388
985 3134 2181 18212 -1296 2020
2259 6167 2738 18680 -332 2016
2623 9735 4080 16800 -412 3368
1683 11300 4718 15584 492 4840
-823 12526 5436 14388 -96 6320
-3132 12809 5982 12508 -1004 7880
-4666 12347 5919 10700 -2140 8748
-5878 11686 6043 9056 -3184 10228
-7156 10652 5813 7704 -4068 10860
-8129 8854 4860 5556 -5548 11556
-8479 6141 3004 4540 -7512 11988
-7711 2701 1393 4360 -9388 12036
-5897 -293 -510 4200 -9736 11936
-4812 -2516 -2167 6004 -9044 11380
-4793 -2935 -2702 7728 -8984 10708
-5548 -2160 -2620 8284 -8300 10104
-6612 -1386 -1799 9196 -9156 8884
-6883 -647 -1060 9156 -9948 8320
-6874 -572 -591 8652 -9676 7836
-7085 -473 -222 8728 -10388 7212
-7486 -429 175 8832 -10464 6672
-8120 -51 790 8792 -10620 5988
-8318 323 1164 8420 -12048 5480
-7126 210 515 8040 -13152 5392
-5147 -450 785 7868 -13900 5044
-3760 -873 632 8280 -13332 4744
-2980 -698 85 8432 -13740 4228
-2381 -504 -814 8572 -13952 3904
-1008 -321 -1376 8704 -14316 3744
2269 -583 -1662 8584 -16368 4428
7332 -1779 -1747 8276 -16048 4792
11799 -2611 -2123 9224 -14220 4804
14550 -2358 -1887 10192 -13256 4508
16388 -525 -1633 10776 -10264 5564
16509 651 -1336 10924 -8236 6864
16334 1749 -1259 10140 -7236 7804
16930 1965 -1742 9304 -6436 8464
17682 1485 -2342 9264 -4188 9292
16316 563 -2961 9312 400 10148
10452 -279 -3578 9080 4984 11208
3773 -984 -2485 8520 5844 11720
-622 -3326 -1903 7112 4348 11940
-2162 -7042 -1758 7468 2624 12216
-2728 -10239 -2200 8920 2912 11112
-3826 -11853 -2249 11628 3196 9716
-5057 -11301 -1335 13752 3000 8048
-6655 -10749 -575 14228 3092 6788
-7865 -10017 -33 15076 1532 5584
-8088 -9466 639 15244 1028 4424
-7726 -8920 1336 16244 156 3416
-7671 -7692 1399 16448 -1036 2292
-6906 -6678 1236 17388 -1304 1532
-4519 -4925 1140 18100 -2148 1088
-2046 -2712 1151 18436 -1956 616
-306 -388 1232 18652 -1352 120
453 1609 1685 18024 -1320 240
882 3012 2166 17460 -1224 608
1171 4404 3009 17888 -1496 976
1609 6158 3584 17336 -2256 1468
2152 7479 3745 16932 -2196 2540
2685 8990 3997 16588 -2964 3784
3545 10322 4213 16224 -2712 4556
3262 11503 4189 14804 -2536 5768
3120 12044 4219 13564 -2652 6668
2440 13289 4589 12048 -2592 8008
1472 13790 4924 10636 -1984 9240
-647 14158 4991 8304 -1060 10556
-3066 13158 5061 6000 -2032 11836
-5094 10462 4256 2564 -3284 13184
-6466 5318 2591 1380 -5100 13864
-6306 468 1016 672 -6764 14596
-5441 -3843 -1426 2284 -7460 14232
-5465 -6573 -3449 4452 -7628 13252
-5230 -7518 -3925 7560 -7528 12260
-5258 -6682 -3822 8128 -6884 10600
-5894 -6145 -3573 9336 -7076 9760
-7013 -5433 -2929 10624 -7348 8912
-8186 -4674 -2036 10216 -7616 8168
-8696 -4982 -902 10204 -6828 7912
-10064 -4705 -599 10696 -8336 5872
-10522 -4705 -69 11188 -9224 5024
-9923 -4240 537 11624 -10268 4068
-8549 -3972 1735 11868 -10952 3092
-6688 -2822 2328 12292 -12284 2116
-4608 -1244 2935 12260 -12040 2236
-2884 94 2758 11944 -12628 1964
-1721 574 2011 11124 -12996 1844
-436 638 1053 11136 -14060 1836
1967 783 241 11336 -15008 2132
5541 1093 -396 11608 -14456 2616
8589 1975 -977 11548 -13152 3152
10728 2593 -1396 11184 -11780 3732
11620 3271 -1702 10924 -10396 5048
12138 3990 -1805 10796 -9936 5588
12891 4560 -1428 10680 -8612 7124
13116 4980 -558 10244 -7020 7932
11426 5104 -208 9676 -4220 9396
7744 4934 -285 8560 -3180 11096
5945 3813 -701 7404 -3412 11552
5199 2145 -1901 6940 -2628 12372
5222 467 -2206 7824 -2080 12504
4530 12 -1878 9140 -996 12240
3226 872 -1529 9356 -1032 12332
2433 1334 -1336 8728 -460 12924
1753 248 -1769 7248 112 13388
709 -2745 -2318 6460 400 13648
-393 -5592 -2669 7060 1248 13032
-1936 -8215 -2751 8020 1124 12316
-2114 -9519 -2201 9604 356 11504
-1774 -10351 -1875 10820 332 10432
-1378 -11176 -1586 10800 2052 8472
-1429 -10302 -1443 14636 1640 7740
-2461 -7812 -1584 15572 2016 6612
-3532 -6260 -1661 15500 1396 6108
-4478 -5524 -1092 15956 1684 5616
-5397 -5647 -300 14532 1340 5292
-6192 -6724 201 14728 920 4788
-6396 -7445 643 15520 200 3504
-6138 -6988 510 16568 -1112 2748
-4157 -5699 489 17336 -1440 2088
-2239 -3693 184 18276 -1212 1076
-188 -884 626 18776 -964 500
1254 2111 1238 18480 -492 440
1839 4454 1818 18236 220 648
1918 6770 3243 17592 -68 1188
1808 8112 4160 16464 -608 2396
1582 8206 4408 15320 -1536 3688
1131 8178 4031 14740 -1436 5020
418 7902 3781 14140 -1700 6136
-1116 7793 3609 13936 -1600 7064
-2504 8267 3379 13548 -2804 7644
-2622 8739 3365 12360 -3440 8536
-1969 9026 3461 11496 -3972 9444
-1174 9143 3736 10364 -4268 10308
-501 8948 3855 9332 -4540 11304
486 8421 3651 8188 -5048 11724
1018 7571 2998 7520 -4916 12232
840 6863 2241 6592 -4420 12376
-48 5443 1535 5816 -3980 13728
-535 4352 455 6032 -4480 14604
-51 2710 -982 5432 -5796 15128
2172 1344 -2529 5844 -3928 15152
2952 551 -3653 6440 -1660 13980
1901 1135 -3566 6932 -700 12940
635 3074 -2208 5784 -1168 12236
-917 4457 -1522 4180 -2232 12496
-3103 5660 -294 3708 -2228 13244
-3429 4577 -140 1496 -3092 13060
-3246 3194 139 1472 -4976 14440
-2037 2179 -505 1504 -3456 14168
-3832 1881 -823 12988 -6508 24336
-4892 2151 -837 -4560 -6148 14708
-5447 1193 -1562 -1364 -2784 14356
-6914 981 -915 -92 -4720 13696
-6241 334 1121 2728 -11100 12992
-556 -603 1404 2884 -11496 13188
964 -64 -58 -620 -6192 13620
1794 -27 -43 1600 -6660 13344
2552 -144 -266 1888 -6908 13768
4268 -233 -383 1972 -6920 13648
4834 -399 -541 1728 -3188 14164
3489 -220 -348 2000 -1720 14388
1784 -98 -502 2280 -1912 14248
361 -23 51 2092 -1460 14724
-928 111 149 2132 -1748 14556
-1529 200 236 2100 -3036 14588
-1301 132 200 2212 -3704 14460
-709 92 110 2044 -3800 14096
-422 63 102 2128 -2984 14420
-786 122 167 2072 -2380 14504
-1526 144 256 2184 -1316 14620
-3688 214 1228 2108 -644 15232
-5646 9 2613 372 -1696 15484
