-846 91 129 2696 5652 13948
-861 104 130 2680 5644 13828
-864 104 150 2712 5232 13596
-854 75 136 2764 5600 13860
-837 96 144 2880 5532 13704
-858 87 163 2588 5636 13928
-862 91 119 2652 5528 13692
-878 84 111 2748 5468 13788
-872 95 119 2760 5560 13916
-868 87 136 2720 5540 14000
-855 101 141 2652 5500 13584
-855 82 125 2784 5536 13980
-858 117 143 2672 5556 13748
-868 81 134 2672 5508 13608
-861 97 121 2712 5592 13596
-855 102 153 2696 5528 13768
-892 90 131 2720 5424 13760
-871 103 123 2616 5520 13696
-879 101 127 2792 5648 13704
-864 111 131 2692 5496 13936
-869 91 123 2620 5464 13916
-873 81 108 2708 5564 13844
-830 44 160 2480 5508 14020
-899 214 59 2928 5720 14028
-754 100 72 2564 5544 13456
-917 19 -77 2204 4772 13788
-852 -307 -849 3472 5480 13884
-676 -134 -1743 3936 5880 13936
-430 -219 -2834 2596 5060 13856
16 375 -2796 2496 5264 13912
646 809 -2392 2920 5948 13952
1144 1921 -1705 2996 6004 13812
1433 3009 -1507 2368 6512 13732
1338 3325 -1903 1324 6844 13384
1178 3185 -2072 1064 7148 13580
1305 3573 -2482 700 7240 13000
1230 4180 -2602 536 7300 13112
1055 4566 -2951 -912 8096 12884
-855 5136 -2559 -1620 8256 13140
-2449 6347 -2431 -1772 7916 12568
-3056 7035 -2758 -3192 7300 12384
-3422 6998 -2365 -4424 6604 12416
-3902 6780 -1667 -4948 6176 12284
-3853 6931 -1324 -5644 5896 11880
-3107 6676 -1798 -6772 5480 11732
-2436 5736 -1540 -7372 4976 11280
-974 4752 -1293 -7648 4264 11728
1292 4047 -1312 -8292 4112 11404
4266 3181 -1098 -8356 3900 11212
6889 2891 -873 -9252 5528 10664
6518 2592 248 -10120 7028 10104
6324 2051 755 -10224 7064 9576
6423 2261 1364 -9684 7624 9048
6561 2652 1587 -10656 8504 8436
6179 1408 2442 -11000 9352 7584
6063 -250 3166 -10920 10076 6984
6260 -2219 3542 -10316 11152 5676
5948 -3937 3149 -8996 11588 4676
6123 -4494 2462 -7532 10864 4464
6988 -4516 2102 -7420 12076 4344
6322 -4156 2067 -6444 12648 4324
5595 -3072 1547 -5628 13820 4124
3921 -1459 1482 -5656 14652 3784
1951 -798 1439 -6076 14740 3644
1794 -312 795 -5776 13892 3504
2342 -126 448 -6048 14580 3304
1623 1003 240 -4924 15316 2788
-583 3424 -439 -4828 16052 2448
-2785 5190 -1035 -5536 15324 2596
-2969 5176 -1744 -7180 13812 2840
-2330 4447 -1978 -7200 13832 1704
-2736 4406 -1944 -7472 14224 1604
-3337 4390 -2190 -7536 14472 1844
-4606 4790 -2307 -7808 14228 1976
-5859 5203 -2531 -8300 13496 1896
-5994 5192 -2652 -9424 12600 2188
-5816 4300 -2193 -10364 11800 2108
-4709 3034 -2101 -10436 11168 2424
-3853 1994 -1355 -10596 11416 2504
-3613 1425 -756 -10928 11304 2656
-3132 1196 -694 -10364 11328 2948
-3185 1189 -767 -10728 11588 3236
-3782 1788 -810 -10196 11632 3216
-4389 2318 -974 -10392 10848 3444
-4047 2671 -1330 -10880 10360 3416
-3835 2791 -1488 -11056 10412 3192
-3830 2465 -1583 -11924 10408 2704
-4179 1795 -1837 -12028 10080 2836
-3994 1559 -2343 -11616 9412 3240
-3874 1724 -2932 -11700 9332 3144
-4518 2088 -3338 -12264 9364 3268
-5001 1880 -3511 -12616 8344 3632
-6289 3050 -3499 -12436 7872 3980
-6112 3935 -3822 -12892 6552 3188
-4883 3362 -3801 -14092 5660 3044
-3560 2056 -3267 -14292 5512 2968
-2892 1406 -3059 -14176 5096 3040
-2718 1797 -3050 -14020 5092 3104
-3063 1938 -2828 -14772 4832 2648
-3099 2073 -3035 -14484 4188 2704
-3089 1864 -3366 -14976 3996 2420
-3840 1367 -3563 -14892 3228 2196
-3643 1133 -3568 -15264 2324 2184
-3307 553 -3090 -15652 1948 2096
-2693 -116 -2483 -15604 768 2276
-1929 -254 -2294 -15536 1432 2400
-2117 -613 -2260 -15352 1376 2264
-3029 -824 -2397 -15140 672 2288
-3320 -348 -2487 -14796 220 2436
-3129 29 -1979 -14980 -896 2744
-2816 704 -1300 -15452 -604 3132
-3231 814 -649 -15660 -244 2608
-3245 300 -844 -16296 -668 2416
-2567 -881 -1230 -16324 -660 2128
-2261 -2656 -1749 -16152 -1032 2424
-1917 -3259 -2120 -15564 -1456 3172
-1187 -4032 -2027 -15796 -2588 3420
408 -5210 -1324 -16076 -3000 3744
1355 -7721 -43 -16100 -2408 3976
1972 -8499 219 -13536 -2292 5472
2259 -7699 77 -13040 -1296 6624
2045 -7604 682 -12332 -1260 7228
1566 -7628 871 -12180 -776 8128
1877 -8066 803 -11208 -1272 8924
1795 -8058 599 -10684 -620 9996
2460 -7631 304 -9632 -36 11000
2654 -7799 89 -9216 260 11052
2661 -8514 339 -9348 812 11384
3015 -9280 412 -7232 532 12072
3508 -8399 -248 -6048 848 12932
4224 -6662 -507 -3900 1320 13424
5182 -3591 -888 -2552 1476 14172
6482 848 -740 -1876 2636 14120
7753 6147 -853 -1596 4352 13532
7398 8835 -335 -7184 5228 13000
6667 7802 1316 -8452 6456 11108
6447 7129 1610 -7512 6556 10464
6386 8276 927 -7292 7832 9072
4735 8561 341 -9008 8940 8072
1923 8073 572 -10188 9768 7248
-1064 7107 211 -10824 9836 6636
-3051 6355 -667 -10740 9620 5964
-4610 5439 -1780 -12144 9396 5800
-5640 4022 -2163 -11848 7700 5728
-5290 3888 -2539 -12084 6700 6008
-4716 4092 -2788 -12236 6500 5756
-5203 3905 -2841 -13104 6316 5460
-6095 3795 -2942 -13264 5560 5060
-6463 3876 -3303 -13196 4752 4924
-6767 3716 -3453 -13884 3964 4852
-6210 2817 -3330 -14528 2808 4328
-4974 1236 -2954 -15352 1936 4284
-3514 -15 -2362 -14952 1588 4808
-2440 -962 -1833 -14460 1284 5112
-1900 -885 -1375 -14284 1028 5456
-1761 -207 -963 -13952 1520 5628
-1941 456 -729 -13736 1120 5708
-2228 1128 -648 -14168 1080 5444
-2251 1736 -569 -13764 884 5240
-2112 2398 -315 -14108 808 5016
-2392 2636 15 -14268 796 4660
-2472 2684 135 -14952 532 4152
-2064 2575 260 -14820 308 3828
-1353 2401 589 -15280 192 3456
-1096 1833 934 -15284 552 3076
-739 1524 1113 -15328 488 3088
-654 1142 769 -15352 888 2964
-598 911 1068 -15444 968 2936
-461 988 1112 -15172 1252 2920
-208 1179 1634 -15188 1120 2964
-288 1098 1865 -15400 1464 2620
55 903 2278 -15448 1308 2612
552 560 2994 -15328 1716 2316
1392 367 3780 -15344 2108 2572
1892 471 4401 -15064 3028 2376
1411 581 4532 -14984 4048 2056
1060 512 4471 -15168 4244 1768
1086 -37 3922 -15012 4832 1524
1200 -672 2917 -14972 5716 1408
962 -1085 2225 -14376 5788 1676
1171 -1069 2144 -13856 5480 1804
1174 -669 2694 -14136 6176 2200
1061 -395 3112 -14056 6364 1812
1438 -270 3640 -14336 6544 2188
1861 -168 3973 -13820 7640 1808
1654 38 4074 -13104 8404 1592
1366 509 3827 -12984 8776 1512
1163 811 3470 -12640 9108 1352
1277 1196 3318 -12456 9432 1032
1341 1298 3311 -12432 9408 940
1661 1387 3456 -12436 10092 464
1503 1132 3719 -12416 10448 32
1449 1079 4132 -11960 10724 -200
1288 810 4639 -11804 11256 -484
1070 358 4540 -11540 12016 -1136
236 100 3644 -10820 12052 -860
-251 123 2370 -10632 12332 -1076
-363 -3 1776 -10120 12044 -832
-437 -728 1885 -10024 12852 -940
-669 -671 2263 -9612 12884 -816
-904 -679 2462 -10220 12744 -860
-1000 -932 2323 -10396 13252 -868
-1269 -1569 2176 -9744 13528 -1268
-1522 -2600 2219 -9616 13372 -952
-1569 -3599 2082 -9540 13696 -312
-1416 -4225 1670 -8912 13480 284
-1277 -4468 1083 -8692 13740 756
-1707 -4649 1044 -8728 14524 1192
-2246 -4923 1486 -8144 14140 1560
-2196 -4992 1841 -7156 13644 2036
-2259 -4903 1732 -7316 13872 2272
-2740 -5089 1415 -7020 14104 2692
-2618 -5321 1212 -6564 13464 3104
-2280 -5116 1273 -6204 14036 3660
-1946 -4681 634 -5488 13644 4128
-1730 -3950 348 -5376 13624 4656
-1688 -3535 53 -5556 13980 4872
-2491 -3448 186 -5332 14104 5396
-2730 -3118 97 -5176 13860 5420
-2744 -3095 38 -5208 13776 6012
-2417 -3070 -80 -4452 13092 6148
-2122 -2320 -145 -4392 13188 6564
-2025 -1856 -92 -4580 13348 6748
-2360 -2065 61 -4808 13476 6980
-3023 -2350 13 -4472 13360 7096
-3172 -2285 -406 -4460 13368 7460
-3437 -2591 -450 -4296 12656 7716
-2839 -2237 -585 -3616 12196 8108
-2651 -2179 -618 -3788 12372 8456
-2969 -2123 -402 -3852 12416 8616
-2882 -2027 -446 -3568 12112 9024
-2857 -2075 -593 -3652 12100 9436
-2973 -2387 -688 -3468 11824 9320
-2831 -2628 -808 -3564 11244 9588
-2990 -3000 -958 -3528 11396 9884
-3234 -3380 -1017 -2980 11028 10004
-3360 -3614 -1095 -2584 10440 10544
-3525 -3087 -633 -1276 10736 10828
-2672 -2584 -997 -2132 9924 11436
-2900 -2650 -1004 -1888 10340 11264
-3209 -2193 -853 -1620 10044 11276
-3370 -1735 -1094 -1352 9716 11600
-3603 -1505 -1616 -1760 9508 11836
-3656 -1581 -2150 -1804 8948 11784
-3687 -1719 -2091 -1800 8372 12208
-3513 -1695 -2213 -1404 7984 12604
-3414 -1473 -2327 -1304 7888 12912
-3516 -1445 -2128 -1316 7768 13280
-3627 -1518 -1725 -1524 7840 13268
-3896 -1685 -1302 -1088 7148 12896
-4303 -852 -781 -724 7340 12852
-5771 -171 -382 -528 7032 13416
-6719 791 -715 212 5248 13568
-6270 2932 -1425 -104 4852 13720
-6371 4988 -1709 -792 3984 13680
-6517 5812 -1404 -2476 2612 14320
-5610 6003 -944 -3756 1720 14456
-4156 4665 -498 -4952 1140 14392
-2870 3228 -36 -5564 1504 14144
-1933 2727 62 -4976 944 14244
-1145 3602 46 -4700 1552 13876
-1335 4278 359 -5184 1412 13504
-941 4808 313 -6032 792 13440
-359 4850 133 -6636 1192 13196
40 5131 322 -7140 1396 12852
170 5489 460 -7512 1716 12312
373 5995 644 -8440 1688 11968
669 5917 703 -9456 1896 11704
804 5407 976 -9640 1940 11124
894 5150 1130 -10300 2228 10556
1285 4527 978 -11464 2888 9880
775 3199 1105 -11716 3708 9000
-385 1661 858 -11120 3300 8864
-405 2133 105 -10348 2940 9200
-370 3035 27 -10460 2828 9144
-482 3469 434 -11728 3420 8828
-1090 2261 860 -13464 3812 8236
-1149 379 633 -13292 3416 7700
-854 -1522 339 -12564 3404 7692
-619 -2345 350 -11832 3104 8488
-730 -3213 814 -12472 3440 8768
-777 -4250 1292 -11736 3392 9268
-64 -4600 1532 -10596 3540 9916
502 -3915 1107 -9556 3768 10036
513 -3543 945 -9508 4304 10484
144 -3436 937 -9500 4284 10836
9 -3152 994 -9100 4348 11192
624 -2441 971 -8084 4332 11172
923 -1682 908 -8196 4768 11624
1009 -1125 1080 -8372 5072 11316
1008 -794 1113 -8168 5140 11408
946 -637 1147 -8240 5532 11312
1080 -711 1199 -8000 5516 11216
1484 -573 1384 -8072 6120 10960
1433 -1095 1618 -8264 6564 10732
893 -1974 1779 -8064 6892 10556
382 -2609 1567 -7380 7124 10764
57 -2448 1361 -6604 7320 10824
-78 -2280 1342 -6184 7160 11392
-2 -1481 1306 -5928 7480 11028
-12 -881 1269 -5808 7760 11020
-887 -630 1299 -6604 8168 11732
-1318 -1444 1308 -6308 7396 11904
-565 -1600 1357 -5620 7452 11712
248 -1923 1732 -5540 7784 11780
910 -1957 1744 -5024 8044 11548
887 -2154 1630 -4992 8676 11628
735 -2380 1488 -4772 8700 11716
795 -2374 1152 -3968 8680 11708
1152 -1976 898 -3652 8928 11544
1108 -1779 751 -3412 9152 11592
1324 -1135 732 -2832 9168 11488
1718 -966 574 -3188 9664 11328
1690 -798 522 -2824 10188 11004
1180 -711 457 -2832 10228 10944
1684 -260 24 -2488 9992 10924
2349 973 -542 -2276 11040 10908
1443 1787 -631 -3044 11300 10252
1560 1874 -853 -3672 10984 9936
1979 1074 -618 -4076 11416 9660
1867 607 -332 -3492 11400 9392
1967 854 -511 -3736 11400 9508
2269 1156 -291 -3724 11480 9012
2726 1126 -274 -4500 12056 8504
3186 470 -127 -4740 12148 8376
3758 -413 66 -5060 11852 6932
5457 -2560 516 -5180 12636 6460
5130 -3603 1315 -3944 13996 6400
2822 -3291 1870 -2844 14684 6460
795 -1964 1481 -2552 15184 6284
-235 -997 923 -2108 14900 6208
-784 -678 494 -3420 14788 6440
-708 -1147 633 -3052 14316 6192
-412 -1832 1051 -2756 13844 6216
-60 -1896 1083 -2424 14396 6052
-402 -2585 1612 -2148 14216 6040
-691 -3003 1975 -2172 14440 6328
-746 -3378 2273 -1308 14496 6092
-492 -3709 2745 -580 14252 6392
-122 -3569 2945 -432 14824 6352
77 -3204 2944 604 14816 6368
323 -2547 2641 1096 14524 6232
412 -1675 2013 1276 15092 5924
81 -1814 2115 1080 15028 6008
292 -2544 2756 864 14744 6056
557 -4197 3950 1080 14832 5520
1120 -5825 5077 2564 14692 4988
1605 -6014 5538 4000 14788 4388
1566 -5348 5178 5128 14912 4136
1753 -4669 4526 6168 14824 3932
1705 -3801 3634 6780 14740 3540
2021 -3505 2908 6952 14448 2880
1840 -3144 2514 7380 14664 2280
1600 -3408 2776 7424 14248 1820
1532 -3624 2923 7888 13856 1196
1507 -4043 2999 8188 14044 440
1105 -4225 3145 8896 14092 68
733 -4186 3205 9412 13988 -468
589 -3933 3030 9876 14048 -976
263 -3875 2795 9984 13644 -1184
98 -3959 2860 10372 13816 -1472
88 -3558 2495 11196 13548 -1640
490 -2673 1913 11204 13200 -2100
821 -1887 1339 10796 12916 -2320
753 -1749 1361 10836 13260 -2612
333 -1663 1531 11076 13040 -3188
127 -1453 1630 11460 12728 -3484
-73 -936 1722 11336 12524 -3544
-364 -636 1913 11508 12580 -3644
-631 -660 1831 11780 12784 -3852
-988 -374 2230 11924 12548 -4008
-1427 -685 2655 12216 12332 -3968
-1898 -183 3212 12656 12116 -3660
-2360 410 3294 12472 11940 -3728
-3188 992 3388 12640 11700 -3568
-4146 958 3078 13056 11356 -3240
-4914 1027 2732 13520 10908 -2932
-4981 1374 2274 13384 10172 -2232
-4215 1067 1806 13468 10048 -2016
-3609 524 1669 13716 10020 -1520
-3274 141 1706 13968 10200 -1428
-3932 339 1481 14288 10112 -1004
-4848 590 2161 14268 10172 -544
-4681 238 1839 13816 9404 -420
-1898 -192 -1689 14176 8328 444
2104 597 -6543 14964 7448 -80
3832 2934 -7405 14884 10852 -524
1871 4252 -7251 13088 12300 -616
-112 4049 -6634 11836 12676 -212
-1587 4637 -5616 12292 12976 -364
-2549 6368 -5554 11656 13124 -204
-4211 8623 -5046 11188 13708 424
-5198 11053 -4918 10120 13188 1368
-4748 11551 -5495 8676 12672 2992
-3090 11297 -6200 7212 12492 3860
-1246 10411 -6293 5452 13548 4932
-721 9412 -5694 4088 13928 5360
-575 8515 -4549 3448 14252 5956
79 8726 -4199 2784 14460 5384
-271 8231 -4008 1760 14632 5540
-423 8215 -4086 928 14380 5428
-534 8342 -3705 156 14832 5700
-1537 7477 -2866 -2556 16404 5172
-6053 3291 304 -4676 17076 5004
-9290 81 2533 -2792 14664 5892
-10194 -858 3209 -1876 13292 7268
-9627 -1081 2843 -1308 12200 8816
-8094 -109 2276 216 11568 9080
-7769 -395 1919 -412 11656 9480
-8600 -1547 2109 -420 11320 10040
-8867 -830 1521 1216 10312 11484
-9277 14 1113 328 10024 11896
-10377 -649 982 -444 8648 12084
-10812 -1961 1095 -796 7560 12688
-10765 -3336 1520 908 5528 13028
-9235 -2889 1200 2024 4228 13776
-7513 -1820 737 2812 3308 13952
-6683 -1340 179 2076 3276 14540
-6672 -1750 482 2516 2492 14816
-6674 -579 1152 2888 2296 14420
-7869 -863 1318 1908 1116 15140
-8566 -2343 2801 2388 -756 15236
-6722 -840 1540 4608 -1012 14876
-4743 276 359 2988 -900 14488
-4105 -381 -261 3136 -1540 14656
-3995 -513 -926 2516 -1104 14664
-4867 -1937 -1499 3404 -1924 14484
-5359 -341 -1138 4048 -2296 14208
-6003 639 -138 4056 -2908 13684
-6341 1481 461 3888 -4324 13856
-6489 2041 664 2988 -4512 13368
-7388 1510 1166 3152 -5436 13312
-7581 1618 985 2540 -6820 13044
-6639 1404 -35 2116 -7020 12776
-6530 118 -438 1556 -7632 12128
-5972 -808 -819 2552 -8380 11892
-5290 -877 -1091 3208 -9108 11948
-4848 -682 -1427 2804 -9480 11556
-4634 -1258 -1519 2964 -9640 11016
-4357 -1224 -1950 3644 -10180 11024
-4896 -981 -2303 3432 -10152 10364
-4337 -944 -2623 4792 -10780 10388
-3637 -216 -1554 4360 -10500 10172
-2894 20 -1032 4756 -11300 10140
-1825 412 -177 4888 -11576 10000
-977 1012 782 5556 -12048 10084
29 2169 2701 4620 -11384 9956
507 2034 3387 4208 -11252 10060
536 2615 3482 3256 -11328 10040
367 2228 3929 2908 -10964 10024
383 2455 4430 2624 -10828 10532
265 2861 4690 1888 -10328 10492
28 3128 4937 1276 -10336 10476
-224 3337 5467 580 -10460 10312
230 4219 6036 36 -10024 10520
250 4071 6539 -1048 -10496 10428
624 4328 6984 -1684 -10396 10920
1523 4991 7456 -2732 -10488 11140
2630 5454 7585 -4208 -9344 11020
3137 5455 7181 -5168 -8608 10900
3168 5109 6172 -6108 -8092 10784
3359 4333 4956 -7100 -6864 10792
3060 3896 2785 -9408 -4844 10744
2922 3289 3296 -7916 -6064 10500
2553 3869 2407 -8480 -5144 10732
1694 3247 2594 -9224 -4908 10060
1923 3401 3110 -9456 -4232 10292
1628 3005 3427 -9576 -4492 9960
1382 2700 3534 -10496 -3612 10220
1240 2404 3432 -10628 -2776 10068
1201 1967 3062 -11464 -2544 9864
1108 1387 3002 -10948 -2588 9892
1499 1336 2846 -11260 -1660 9504
1817 965 2755 -11420 -904 9532
1639 274 3126 -11988 -1056 9412
2551 -482 2773 -11744 -116 9852
2834 -1124 2540 -11456 -52 9964
3385 -755 2446 -11512 884 10228
2744 -1254 2715 -10344 112 10000
2922 -754 3205 -10556 1512 10476
3618 -1185 3891 -11144 2372 10132
3363 -1486 4385 -10572 3356 10104
3499 -1406 4456 -10524 4552 10152
2886 -1473 4540 -10072 4680 9740
2986 -2012 4360 -9944 5160 9848
3178 -2546 4661 -9676 5892 9876
4306 -2298 4876 -8840 7780 9788
2559 -2898 5309 -8756 8480 9848
1811 -2591 4554 -7676 8184 9680
1491 -2378 4214 -7128 9120 9588
1212 -2439 4212 -6948 9060 9628
1324 -3022 4422 -6716 9240 9932
737 -3138 4593 -6608 10532 10212
921 -3826 3810 -5724 10224 9940
1661 -5396 3413 -5604 11192 10036
1645 -7725 4740 -5172 11724 10152
1580 -10406 6751 -4068 10824 9680
1124 -11664 9062 -636 11548 8732
576 -11281 10973 1612 10908 8792
1462 -10299 10399 2996 9088 8708
2042 -5941 8932 7988 11292 8088
60 -2975 6405 6388 12392 8596
-225 -1142 3373 8076 11904 8692
-663 498 2316 8140 11428 8452
161 1521 1934 7888 10872 8500
183 745 3814 6228 9888 8892
461 957 3545 6256 11396 8920
-591 1483 3657 6828 12064 8340
-988 1787 3116 7524 11008 8572
-391 2097 2207 7812 10620 8688
-564 2116 2033 7708 10828 9308
-917 1953 3160 7472 10648 9412
-814 1292 1343 6976 10028 8456
-725 1297 1035 8356 10388 7976
170 3753 4138 11372 8824 9784
588 5779 5229 8788 11244 9172
-572 6848 5283 7764 11836 9352
-663 6605 4286 6308 10376 10324
-52 5390 5228 5204 8664 10392
1326 2417 865 6704 11200 9704
337 2117 296 7992 9600 11124
-109 4162 1332 7688 9232 10784
-706 4697 2215 5240 9360 10932
932 2201 2195 5144 7980 10848
2521 1181 4482 7504 10684 10512
266 3437 6354 8412 13244 9748
-2965 5609 6519 7960 12420 9444
-4803 7426 6197 7048 9552 9564
-4349 6868 6511 5628 7476 11028
-1869 6226 8355 5600 7000 11568
669 5408 11241 5640 7772 11904
1989 5938 14716 6192 8104 12296
2485 5744 17048 6060 7288 12292
3518 3878 15919 4408 6520 13000
3731 2006 12647 6024 7248 12500
2515 2845 10828 6660 6516 12320
2143 3631 9176 6112 6424 12456
1852 2948 8031 6128 5832 12496
1499 2645 7303 6048 5564 12716
1227 2987 6754 6584 5904 12672
770 2952 6689 6296 5844 12728
1007 3421 8057 7160 5812 12072
1137 4887 8066 7144 5680 11740
1296 5102 6020 6856 5132 12940
583 4460 5026 5876 6108 13048
-486 3987 5039 5176 6628 13064
-750 3432 6621 5100 5260 13432
1727 3945 9336 4840 4500 12288
3669 5800 10042 6848 5724 12292
3608 7174 9667 5620 5124 13140
2282 6153 8587 4768 5264 14188
231 3842 7698 2900 5716 14676
-484 1405 7326 3296 4284 14940
-542 -633 7070 3876 5020 14212
-252 -1902 6618 3108 3292 13928
1149 -2939 2507 4896 2880 13524
1085 -2171 -3916 5696 3736 13024
-519 -553 -8722 4936 4780 13552
-1023 -2149 -10956 3084 5560 13408
-1391 -3840 -11800 4184 7216 13536
-2638 -3700 -11975 5564 8568 12668
-3971 -1287 -11269 6200 8388 12448
-3210 1158 -8653 4944 6688 12772
-1902 -585 -5934 3132 6224 13808
-1118 -3198 -4391 3580 7204 13428
-1802 -3635 -3832 4656 7304 13152
-1936 -2929 -4656 4920 7224 13260
-3026 -2476 -5944 4880 6784 13512
-3021 -2828 -7440 4332 6032 13408
-2203 -3707 -8573 3344 6160 12976
-2115 -4085 -9151 4208 6188 12728
-1891 -3155 -9259 4148 6612 11384
-2203 -2040 -8573 4248 6964 12088
-2005 -717 -7809 4192 7496 12748
-2817 -1145 -7173 3236 7912 13552
-3582 -2894 -8208 2904 7520 13624
-4889 -4143 -8731 3192 8032 13392
-5279 -4643 -8484 3124 5900 13540
-3878 -4226 -7380 3352 6200 13312
-3020 -4187 -6286 3364 6124 13448
-3013 -4206 -5642 3904 6328 13348
-3353 -3524 -5754 5716 6236 13284
-3902 -1542 -6075 4904 5776 13268
-4182 -1707 -6289 3904 5344 13580
-2974 -3063 -4573 4604 4876 13824
-1795 -3398 -5271 3936 5424 13048
-2314 -4447 -5886 2880 6988 14568
-4457 -4890 -5826 4960 5776 13212
-3364 -5242 -3961 5524 3460 12536
484 -5381 -1340 6012 2816 11788
3014 -5692 -868 5044 8004 15844
1646 -4924 -890 8340 6636 11940
374 -3890 -1094 7164 6772 11772
154 -5132 -1286 6648 6316 12140
590 -5594 -1675 7820 5736 11356
1516 -5518 -818 9696 6772 10972
1129 -4346 -960 9688 7140 10492
690 -4912 -1459 8680 7648 9896
155 -6828 -1875 8432 7352 8988
597 -8250 -1449 10372 7568 8536
907 -7058 -1112 12920 8696 8056
125 -4798 -534 12760 8608 7428
10 -3868 -411 12284 8164 6996
141 -4545 -989 11408 7772 6824
1085 -5125 -1344 12364 8432 6124
1197 -5350 -1437 12796 8664 5224
1046 -4556 -971 12868 9668 4620
376 -4870 -985 12636 9856 3928
-131 -4585 69 13280 10188 3764
-779 -4942 670 12276 10192 2824
-525 -6750 952 12832 9520 2992
-533 -6188 1596 14440 9332 2148
-747 -5105 1643 14296 9204 1380
-1246 -4145 1428 14024 9044 852
-2273 -4627 1235 13456 8776 748
-3009 -6382 1107 13440 8664 388
-2312 -6815 1815 15032 8544 -312
-2177 -5877 1834 15280 8892 -1444
-2311 -6105 1469 14092 8148 -2068
-2555 -7350 1532 14164 7856 -2340
-1685 -8021 1884 15104 7432 -3440
-1570 -8837 2088 14556 7600 -4436
-1966 -10216 2164 13940 7792 -5996
-2187 -11231 2960 14280 6664 -6492
-1592 -10684 3110 14004 6560 -7964
-996 -10371 2380 14472 6328 -8452
-1055 -9026 748 14652 7188 -9236
-1891 -7902 14 13968 7408 -10616
-2381 -7527 -599 13280 6852 -11828
-2664 -6602 -822 13188 6812 -12488
-2680 -5725 -1624 11620 7352 -12764
-3207 -5363 -2366 11560 7804 -13168
-4418 -1657 -2548 13572 8984 -14832
-7318 5731 -1603 12820 8924 -14180
-7454 9485 -2376 11728 8516 -12692
-6556 9563 -3331 11424 9900 -11132
-7483 9661 -2403 16196 8672 -6944
-8351 14838 -1928 12188 12556 -9956
-8598 13879 -2311 11048 7256 -5244
-6642 10974 -3323 9864 10216 -3768
-5222 8636 -2529 11132 10924 -1692
-4321 8999 -1094 12476 12424 -1296
-4654 10006 -175 11908 12148 128
-5592 11510 -1842 12340 11768 1176
-5055 14035 -2893 12424 11872 2356
-5861 16524 -3881 10012 12320 2600
-6038 17500 -3402 7260 11832 3872
-5388 16430 -3185 4840 11648 6212
-4744 13298 -3032 3080 10916 9016
-3745 8950 -3450 988 11088 10800
-1675 2962 -3317 1348 10640 10764
-884 564 -2293 2748 12600 9972
-1870 1556 -1535 4060 12592 9408
-2515 4509 -902 3752 11792 9616
-2317 6082 -1066 2040 11480 10072
-2009 6010 -1718 684 11344 10020
-2290 5487 -1952 -188 11504 10556
-2217 4980 -1811 -44 11268 10592
-1855 4985 -1197 -636 10916 11004
-1574 5035 -802 -1628 10840 10900
-1336 4740 -773 -1964 11084 10424
-1209 4095 -795 -2492 10508 10796
-519 4121 -479 -2160 10328 10452
-473 5655 144 -2304 11076 9924
-1534 7203 -157 -3120 12060 9656
-2104 7377 -848 -5104 10188 9688
-722 4774 -1094 -7344 9244 9956
138 1509 -962 -6284 10672 10060
-172 1844 -103 -4772 11364 9140
-1472 3174 766 -5500 11640 8756
-2167 2234 917 -7956 10612 9256
-1848 -1238 512 -8740 10628 9508
-2180 -4407 850 -7504 11300 9772
-2874 -6364 1664 -6332 11208 10156
-4067 -8477 2122 -5816 11156 10448
-5080 -10892 1704 -4240 11104 10456
-6706 -10470 1665 -1424 10964 10668
-8432 -8078 1669 428 9128 11192
-8490 -5094 1537 1508 7144 11704
-7066 -1932 1380 1636 5704 12196
-5067 556 567 1208 4560 12900
-3948 1272 -477 172 5792 13696
-4549 1076 -319 -464 6960 14220
-6489 78 502 -624 6352 14344
-7764 -1655 1047 -864 6164 14620
-9835 -2582 928 204 3800 14288
-9831 -3308 398 340 1748 14164
-8735 -3209 -603 1640 -760 14368
-5777 -2917 -1168 2012 -1444 14724
-2928 -3235 -1423 1668 -2400 15004
-881 -4532 -3276 752 -888 15084
-562 -6219 -4994 2768 740 15060
-1841 -5844 -4776 4604 1224 14624
-2451 -4298 -3679 5076 -276 14336
-946 -3514 -3992 4992 -1708 14448
1413 -4489 -5884 4496 -1160 14408
2495 -5807 -7978 5600 956 13844
1959 -5909 -8033 7200 1772 13228
2057 -4754 -7700 7112 2752 12556
1907 -4186 -8208 7492 3668 12192
1558 -2938 -8581 8196 4076 11680
1860 -1443 -8079 8008 5292 11544
1954 530 -7931 7976 5864 11644
858 1311 -6147 7076 7428 11620
12 1558 -3587 7204 8180 12240
1552 2166 1959 6968 8036 11544
3110 3081 6156 7304 8944 11136
1170 5050 7941 7848 9424 10992
-2007 7670 8844 6644 8560 11936
-3191 8068 9934 4920 6268 12532
-2609 6923 10713 4000 4600 13036
314 5610 10570 3404 1788 14164
3912 3697 8805 4432 3224 13980
5215 3818 8027 4780 4624 14108
4734 3619 6954 4900 6268 13444
4075 3944 7157 4236 7672 13148
2712 5086 8076 5428 7168 12804
2183 6270 8078 4784 7020 13268
2833 5928 7715 3372 6428 13168
2861 5286 6264 3560 6828 13164
2911 4777 5300 3232 7924 12968
2507 5496 5374 4008 7748 12640
2390 6489 4542 4208 7944 12348
1037 7457 2994 2040 9116 11864
-1 5690 1162 1756 8496 12220
-1655 5160 -1199 1264 9280 12192
-3597 5596 -913 -244 8292 12600
-3639 5252 -1619 -628 7956 12284
-3845 4139 -2287 -1116 8228 12688
-5162 3455 -1854 -1376 7376 13084
-4970 2917 -1194 -2488 5900 13952
-3925 1388 -1205 -2944 5380 13908
-3298 837 -1024 -2484 5280 13848
-2778 795 -866 -2552 5020 13864
-2387 959 -1087 -2164 5072 13528
-2725 1305 -1645 -2488 5268 13408
-3095 1440 -1720 -2324 5004 13728
-3499 1627 -1707 -3096 4604 13748
-3857 1731 -1200 -3792 3920 13968
-3731 1257 -895 -3608 3660 13784
-3434 797 -588 -4156 2868 13692
-3290 153 -803 -4060 2932 13760
-3470 201 -820 -3612 2936 13652
-4119 796 -1104 -3572 2660 14068
-4911 941 -1400 -3876 2036 14140
-4905 462 -1763 -4212 980 14004
-4369 -59 -1554 -4320 132 14168
-3896 -194 -967 -4028 -64 13916
-2678 -698 -294 -5184 -2304 15884
-1505 -95 -454 -4832 -1032 14936
-1036 -47 -371 -3752 -732 13964
-1450 456 -301 -4316 -392 14564
-1405 -353 -518 -4408 -560 14360
-1516 -1097 -560 -4828 -808 14612
-1164 -2859 -1301 -5116 -1724 15192
-1007 -4517 -2019 -4020 -1460 14696
739 -5167 -1221 -3216 -2212 14768
2972 -5494 -341 -1648 -2056 14440
3662 -5368 -840 -1088 -108 14444
3185 -6248 -1832 -928 1996 13812
2691 -7503 -3480 -216 864 14832
3107 -7027 -2525 928 2196 14660
3323 -7139 -2273 2032 1540 14256
3825 -6989 -2968 2480 2820 14556
3384 -7682 -4226 3356 3676 13860
2502 -8624 -4985 4384 4748 13472
623 -8763 -5928 5280 5856 12804
-289 -9380 -6856 6448 5420 11876
-1268 -9539 -7120 7512 6160 11504
-1904 -8098 -5435 8660 5432 11296
-1770 -6172 -3996 8588 5808 11308
-1444 -5159 -3355 9428 5424 11084
-487 -3385 -2870 9924 5100 11280
101 -2828 -3374 9116 5696 10988
1077 -2363 -4342 9996 5680 10444
2218 -1830 -4847 9744 6352 10732
2924 -1398 -5220 10036 7744 10200
2591 -322 -4576 9944 9572 9556
2063 238 -4741 8324 9612 9208
1841 128 -5888 8096 10396 8996
1123 1261 -6469 8284 10492 8880
-95 1328 -5246 6768 11180 9036
-282 918 -4198 6872 10732 8912
-202 565 -3487 6420 11400 8416
-506 805 -3173 6080 12172 8208
-1173 705 -3097 5400 10396 8240
499 -812 -4238 4052 11280 9572
-55 -2442 -3765 5016 11988 9956
954 -1808 -761 7020 13200 8472
-458 2138 4063 7476 16356 7032
-3381 5056 6745 4808 13880 7636
-3369 5577 5819 4632 10500 8756
-4102 5245 2138 5432 13608 9412
-6815 5674 -253 5616 9744 10456
-5452 5292 -1334 4036 9092 10740
-3940 3640 -1052 3344 9628 11304
-5313 2986 2460 2336 10972 11288
-5137 2492 6643 2956 8004 11532
-4154 2441 8352 3660 7292 12624
-3945 3168 7294 4468 7364 13612
-3504 4878 8273 4188 6056 13200
-2280 4848 7639 3136 5936 13508
-2240 3843 7312 2916 6156 13336
-2301 3203 7855 3472 5912 13384
-2912 3955 8918 4320 6104 13292
-3612 5560 8630 4196 5364 13484
-3839 5575 6939 2868 4568 13500
-3609 3594 2606 2372 3856 13356
-2889 1737 -1635 3244 3316 14064
-2402 3100 -1862 5300 3660 13876
-2444 8098 392 4164 3716 14316
-2481 10059 329 1040 3436 14748
-2127 8856 -322 -1644 3444 14964
-2061 5678 -3202 -2920 3608 14712
-2570 1573 -8846 -3336 3304 14540
-2958 -3399 -12953 -3488 1908 14668
-2988 -4409 -11940 -1536 2612 14424
-4210 -3146 -10051 -1388 1784 14444
-3796 -2524 -7347 -1516 612 14636
-3487 -2093 -6331 -1800 48 14384
-3160 -3258 -6350 -2248 -32 14360
-3642 -4445 -5197 -1268 -368 14556
-3885 -4399 -3726 -80 -760 14648
-3652 -4011 -2311 488 -2120 15248
-2203 -5760 -3348 212 -3032 15216
-388 -7984 -5834 2068 -3052 15452
753 -8612 -6646 4196 -1468 14348
833 -7176 -5726 5916 -692 14400
1316 -5390 -4683 6868 -592 14084
1941 -4066 -4672 6716 -632 13868
3299 -4168 -4612 6512 228 13452
2392 -4473 -4947 6752 2580 12976
1868 -4972 -4819 7060 2008 12884
2413 -4464 -4180 7844 2228 12572
3084 -3763 -2859 8308 3308 12112
2662 -3526 -1963 8080 4072 12264
2438 -3886 -1858 8572 4416 12020
2920 -4370 -2334 9232 3844 11676
3744 -4969 -3386 9408 5436 11060
3321 -5407 -3262 10356 6500 10244
3154 -5118 -3222 10616 7052 9616
3176 -3985 -1567 10848 6656 9156
4010 -743 1685 11972 7640 8296
3999 2027 5669 11600 7628 8212
3885 3433 6676 11552 7420 7984
3489 4330 6557 11364 7276 8596
3793 4304 6294 11736 6772 8584
4245 4223 6725 11308 6912 8876
4284 4630 8484 12080 7100 8500
4540 5308 10489 12000 6824 8800
3972 5828 11183 11712 6608 8772
3343 5166 10030 11160 5728 9324
3525 4072 8067 11180 4796 9360
2751 3349 6765 11796 5752 9960
2726 3227 5804 11436 4372 9708
2747 3934 6225 11644 4344 9984
2819 3992 6440 11240 4008 10464
3201 2997 5086 10880 4376 10616
3050 2686 4107 11300 3928 10524
3629 3191 4179 11260 4112 10944
3674 3889 4470 11180 4348 10972
4234 4483 4645 10552 4556 10852
3789 4415 3483 10744 5300 11108
3616 4596 1593 10656 4716 10856
3933 5628 1106 10552 5212 11028
4670 6140 1205 9120 5192 11512
4670 5863 1605 7436 6552 11148
3513 4158 1304 7120 7568 11272
2312 2579 -1482 7404 7764 10968
1222 1527 -3735 7784 8892 10624
-839 1569 -4677 7780 9572 10656
-2708 1826 -5611 6912 9820 10580
-4478 1990 -7604 6396 8516 11112
-4634 2908 -7859 6248 8024 11196
-4884 4926 -6924 5452 7996 11596
-5571 6119 -7542 3596 7704 11916
-6332 6372 -7576 2768 7604 11724
-7534 5938 -7360 1252 5964 12420
-7097 5114 -6758 -344 4312 12980
-6563 3891 -5331 -1500 3992 13888
-6452 2745 -4194 -2248 2776 15036
-5091 1692 -3699 -2576 1996 15108
-4425 1504 -3082 -2200 2380 15392
-3728 1490 -2428 -2208 1932 15208
-3639 1452 -3179 -1812 2084 14600
-3941 1421 -3767 -2164 1716 14560
-3824 1556 -4283 -1992 960 14704
-3423 1993 -4770 -2516 148 14792
-2389 2029 -4516 -3268 -716 14784
-1734 1987 -3487 -3844 -176 14556
-2087 1791 -1661 -4932 -512 14148
-2179 -1381 -2137 -6588 -784 14908
-1664 -7739 -6353 -6444 -2364 15112
925 -11933 -8530 -3032 -1268 15136
1776 -11421 -8550 676 412 14492
517 -8435 -6844 2568 1408 14136
-219 -5581 -5032 2624 672 14156
-414 -4582 -4474 2196 232 14324
-300 -5738 -5602 1976 472 14468
75 -8076 -7128 2680 212 14472
460 -9526 -7853 4460 520 14068
690 -10164 -9102 5984 1200 13356
984 -10125 -9571 7500 1428 12868
1747 -9426 -9074 8380 2560 12488
1630 -8969 -9158 9464 3856 12236
529 -8700 -9594 9504 5400 11292
-592 -2581 -2920 9248 3712 12432
213 -5153 -6104 7732 4540 11300
1785 -7082 -7320 10928 5948 10308
877 -5150 -5645 12552 6444 9768
1370 -2077 -3174 12328 6736 9456
1502 -1276 -2856 11100 7840 9436
1197 -2530 -3958 10216 8700 8724
-347 -4692 -4954 9860 9972 8040
-2554 -5632 -6910 10772 9572 7580
-2685 -5751 -7150 10356 8184 7632
-1774 -6601 -7037 9976 9148 7728
-668 -7767 -8710 10316 8688 7280
907 -7486 -9534 9704 10536 6472
822 -7346 -7514 9528 11644 5392
95 -4385 -6010 11088 11892 4496
-151 -1344 -3804 9116 12096 4732
506 -1826 -3629 8232 12144 4836
1503 -2826 -5251 7724 12764 3868
1789 -4005 -5170 7200 14324 3432
953 -3653 -5282 7896 15116 2504
-351 -2638 -3353 7248 14852 2328
-558 -1497 -1900 7644 15072 2620
-356 -1470 -1831 6612 14816 2688
-266 -2564 -3468 6328 14740 2592
49 -3372 -5657 7048 14668 2508
1405 -2912 -6085 6804 14308 2200
2495 -1907 -5999 5844 14748 2068
3130 -1459 -5715 4612 14884 1600
3986 -1275 -5591 4320 15376 572
4643 -595 -4701 4212 15968 -392
4225 52 -3820 3116 16396 -964
4332 510 -3196 1932 16128 -1720
4019 -461 -3416 1420 16552 -2496
3578 -1177 -4232 884 17064 -3032
2721 -1805 -3618 752 16840 -3316
3145 -433 -2602 324 16692 -4016
3952 555 -548 -548 16624 -5068
3753 1256 2513 376 17280 -5388
2403 3104 4670 1880 16908 -6608
1390 4417 6835 1796 17528 -6468
-75 4600 6268 3012 17328 -6028
229 3637 5373 3848 16084 -5972
649 5597 6516 6080 15796 -6176
526 9176 9101 7656 16468 -6420
511 13371 12017 7532 15888 -6576
-819 13023 11793 6988 14848 -5344
-210 12070 9915 11180 13400 -4896
560 15166 10995 12712 13440 -3988
668 17661 13188 12468 12516 -2588
987 18326 13446 12332 11068 -884
1169 17644 12849 12940 9184 1004
843 16251 11992 13660 8280 2944
1023 15012 8876 13352 5816 5120
2257 12568 7318 12556 5992 6256
2154 10164 6316 12264 7040 7064
1387 8209 5426 12396 5892 7872
1491 7132 4936 12604 4888 8300
923 7428 4830 12772 5192 8932
829 8753 5351 12048 4636 9276
1169 9309 5754 11032 4172 10184
1065 9357 5215 10000 4308 10720
334 8478 4634 9092 5052 11008
-328 7368 3874 8432 4088 11800
-978 6843 3865 8108 4016 12168
-1963 7060 3524 7264 3508 12784
-1431 6728 3613 6504 2300 13348
-1133 6676 2320 6036 2904 13496
-1377 7006 1484 5280 2968 13448
-1842 7338 2132 4504 2872 13744
-2919 7557 2230 3452 2740 13760
-3534 6948 2236 2316 1936 14476
-3201 6031 2323 1736 1836 14392
-3344 5041 1680 552 1692 14832
-2337 -863 -5775 1168 796 16136
-2663 875 -1485 2236 84 15348
-486 4195 1546 1120 -1684 16052
2807 4287 775 -2220 -1256 15432
3978 2969 3052 -2456 2484 14340
1018 2703 4888 -2016 5984 13636
-3950 982 4059 540 4832 14116
-4593 711 -1929 1456 1800 14524
-6194 1570 1982 -1872 1844 14172
-5484 1656 2517 -1624 -416 14520
-4624 1317 2350 -1656 -1108 14932
-2785 858 1820 -1200 -1620 14668
-2534 1100 1954 -1288 -568 15000
-2843 1683 2666 -1184 -356 14712
-3156 2901 2985 -1032 -1284 15228
-2755 2681 2297 -2612 -1880 14968
-2787 1723 1780 -3932 -1564 15072
-2651 13 648 -2688 -1536 13964
-3373 691 1267 -1640 -1356 14424
-2880 1792 3075 -2332 -2104 14176
-1882 2672 3155 -2504 -2656 13812
-1585 2037 1007 -3700 -2132 13504
-3266 1815 -864 -3508 -1000 13840
-4535 2028 -968 -4060 -1784 13600
-5711 2553 -800 -3424 -2556 13736
-6449 3555 156 -4768 -3380 12556
-5911 3896 535 -4396 -4936 12740
-5824 3997 -150 -4960 -4592 12168
-6109 4078 36 -5876 -5960 11976
-5667 3452 357 -6544 -6880 11704
-4789 2769 391 -6812 -7500 11016
-3935 2798 242 -7068 -7864 11400
-3163 2463 -431 -6956 -7392 11088
-3061 2418 -1677 -7276 -7976 10704
-2767 2060 -2625 -7576 -7844 10572
-2647 1867 -2523 -7312 -8380 10136
-2500 1889 -1847 -7148 -8584 9672
-2559 1719 -1137 -7332 -8864 9496
-2625 1541 -1186 -7308 -8528 9188
-3120 1638 -1457 -7296 -8740 8948
-3457 1576 -2054 -7044 -9360 8512
-3537 1530 -2145 -7460 -10004 8700
-2939 1346 -995 -7892 -11128 8580
-1115 531 1096 -8556 -11992 8444
1239 -560 3662 -8616 -12028 8676
3293 -1488 5663 -8836 -11368 9464
4984 -2551 6957 -8408 -9028 9216
5136 -2810 8162 -7920 -7664 9720
5304 -2426 9425 -8448 -6808 9972
5898 -2451 10174 -8340 -5888 9992
6314 -2578 10232 -8740 -4248 10840
5941 -2844 9471 -8168 -2868 11064
5624 -2496 7819 -8216 112 11116
2586 -1550 5436 -7944 1384 11872
-73 -1724 2719 -8572 1652 12196
-486 -2082 3446 -8676 -168 12004
1074 -2345 6346 -7940 -908 12136
3617 -1858 8703 -7396 416 12308
4643 -1157 8987 -6776 2304 11996
4183 -469 8080 -6152 4488 12176
2535 -190 7257 -5852 5712 12300
1497 -699 6174 -6756 5752 12424
1716 -2011 4422 -5976 6364 11860
211 -1293 2900 -5124 6784 12200
-861 -1201 3168 -4460 6656 12588
-1356 -500 5467 -5100 8228 11340
-2850 842 7362 -5304 6804 11952
-2453 -121 8379 -6812 6528 12024
-515 -2523 6246 -2368 4508 14460
621 -2804 4396 -2468 8092 12368
-809 -1540 5079 -1616 8728 12484
-2829 -242 5152 -1284 9408 12024
-5419 1424 4916 -216 8004 11816
-5195 3109 4868 -476 6664 12756
-3911 4629 6303 -1884 6132 12972
-1007 4639 5829 -2788 5240 13500
670 3489 4725 -3064 5616 13016
842 2483 4369 -3472 6672 13056
495 1647 4380 -4220 7228 13036
-110 262 3677 -3500 7920 13008
-1141 -409 3305 -3304 7736 12688
-1795 -839 2615 -3188 7852 13336
-1959 -1824 1705 -2932 8236 13408
-2902 -2023 2278 -2580 8024 13376
-2764 -2964 2445 -2188 6944 13228
-1460 -3700 127 -604 5132 14208
470 -4634 -4361 740 6644 13748
252 -4486 -8392 1372 7748 13264
-437 -3534 -8860 -364 8596 12876
-921 -3598 -7390 -1056 7608 12864
-459 -5393 -6634 -2336 5160 12844
2833 -7817 -6920 -1940 5224 12776
4581 -9296 -5800 -980 8072 12924
3986 -8913 -5353 2240 10772 12996
-101 -7542 -6191 1992 10952 12072
-2603 -6600 -6555 3144 11084 11776
-3587 -6024 -6407 3852 9236 11684
-4205 -5747 -7090 3632 8428 11564
-3073 -7174 -8984 2640 6476 11576
-2368 -9660 -12474 1248 9192 10068
-2270 -7273 -9526 4540 8664 11548
-1447 -3750 -5420 6132 9100 12192
-1852 -1000 -2626 4544 9368 12516
-2595 -805 -2256 3464 10656 12332
-4184 -646 -2289 3516 9852 12104
-5660 -719 -2801 3560 8948 12412
-5266 -808 -2078 3556 6576 12568
-3695 -1359 -2081 2860 5760 13252
-2813 -1675 -3333 2772 6016 13340
-3016 -2370 -5543 2888 6328 13204
-2739 -2679 -5661 2804 6684 13540
-2443 -2840 -4021 3456 7016 13568
-3500 -2534 -3533 2752 6180 14276
-2562 -3366 -2953 3184 5680 13636
-1307 -3499 -3663 3504 6136 13376
-1906 -3339 -6816 4052 7288 13300
-2968 -3233 -8427 3680 6596 12752
-1456 -3342 -7075 4672 5796 12692
913 -2736 -4095 5104 5136 12420
3634 -2384 -476 5396 5588 12092
5996 -1772 2378 6244 5896 11668
7518 -634 4641 6916 7088 11256
7096 319 4069 5420 8340 11468
5924 -75 2581 4148 9764 11268
5559 -923 2140 5520 10420 10336
5291 -878 2353 5420 10572 9852
5536 -1127 2653 6220 10248 9644
6444 -1448 2675 6332 10584 8760
7156 -1938 2765 6048 11376 7972
7848 -3079 2467 6424 12236 6412
8055 -3819 2526 7888 13412 5480
6634 -3447 2222 9008 15652 4272
3635 -1580 2685 9792 15344 3356
2017 -21 2328 9836 13816 2956
1215 774 771 10356 14640 2756
-1981 2550 -1301 10720 16568 1804
-5880 3792 -3008 10048 15876 2420
-7955 4738 -3506 8744 14780 3876
-9535 5050 -3434 7300 13440 5448
-9431 4407 -3293 6104 11860 7024
-8637 3466 -2777 5200 10824 8468
-7401 2516 -2243 4696 10396 9612
-5955 1768 -1562 4924 10172 10108
-5258 1385 -1066 4948 10476 10304
-4984 1572 -1001 5300 10580 10480
-5456 1831 -1255 4872 10768 10380
-6607 2428 -1529 5300 10736 10476
-7766 3436 -1521 4936 10100 10448
-9022 4283 -1411 4356 9428 10992
-10281 4954 -1109 3164 8260 11888
-10851 4704 -824 1776 6568 12992
-10699 4009 -532 788 4812 13672
-9899 3303 -175 1020 3720 14040
-9473 3302 -174 1192 3124 14452
-9876 3547 -170 672 2272 14396
-10307 3496 -206 156 1068 14408
-10349 3141 -237 -116 -612 14472
-10262 2796 -501 -1048 -1912 14104
-9934 2694 7 -1004 -2756 13936
-9993 3030 -16 -1420 -4056 13836
-9510 2754 -49 -1728 -5352 13704
-7510 2285 524 -2472 -7452 13432
-4391 1600 2440 -2356 -7348 13248
-4333 1781 2509 -2388 -6020 13484
-7014 2628 2118 -2856 -5124 12980
-8692 3008 2626 -3568 -7416 12228
-7403 2447 2473 -3988 -9476 12048
-4751 1104 1939 -5020 -10432 11316
-4078 700 1323 -4376 -9516 10944
-5512 1626 969 -3292 -8736 10796
-6403 2037 1356 -4412 -9600 11044
-4883 1143 1430 -5924 -10744 10220
-2959 494 1077 -5036 -10972 9948
-2983 530 -97 -4140 -9968 8872
-5330 1742 -1564 -4368 -9112 9220
-6496 1625 -2532 -4724 -10636 8880
-5671 1251 -2443 -4620 -11228 8440
-5422 1579 -1339 -4312 -11924 8080
-5196 1785 -215 -3764 -11536 6896
-5782 2630 169 -4064 -11832 6384
-6330 3649 9 -4268 -12516 5392
-6197 4277 -165 -4844 -13620 4888
-5270 3925 -568 -6176 -14996 4224
-3992 2739 -468 -6268 -14936 4168
-3317 2227 -13 -5668 -14248 3748
-3914 2796 86 -4928 -13576 3092
-4292 3127 -302 -5564 -13708 2704
-4390 2831 -628 -6292 -14808 2540
-3281 2115 -844 -5696 -15172 1352
-2812 1969 -1285 -7132 -17572 2320
122 -65 -1816 -5616 -15676 1100
53 362 -2389 -4828 -14780 908
366 811 -3074 -5164 -16716 1628
2237 51 -4911 -5316 -16452 1892
3202 -749 -6090 -4104 -16048 2212
3359 -748 -6960 -2748 -15376 2452
3591 -425 -8227 -1696 -15520 2660
3611 -197 -9784 -1148 -15392 3276
3697 -264 -10512 -200 -14460 3972
2956 -24 -10971 2004 -14196 4788
2205 578 -11818 3184 -13756 5172
1488 1090 -11836 4232 -12796 5060
624 923 -9712 4588 -11852 5688
-438 -285 -4590 5236 -11156 7152
-1246 -2171 159 5424 -11048 7260
-1162 -2899 2831 6424 -13660 5776
1833 -2963 3383 5300 -15964 5704
5122 -4119 5025 5696 -14844 5924
7393 -3896 5702 7092 -14356 5760
8229 -3068 6434 5696 -12784 6568
7647 -2709 7713 6320 -11632 7232
6091 -1771 7348 6072 -10900 7980
4457 -70 5977 4820 -11132 9152
4477 613 6856 3552 -11172 9840
4914 425 8185 3036 -10708 10184
4733 369 9772 3400 -9656 10084
2744 1776 9777 2800 -8452 10856
414 3231 9833 1408 -8236 11016
-909 3844 9398 260 -8132 10816
-2695 4940 7919 -1432 -8564 10328
-3501 5038 4837 -3108 -9616 10416
-2583 4604 4405 -4084 -10644 10204
-962 4762 4974 -3776 -12092 9428
2717 6391 3729 -4600 -12572 8792
6493 6303 3066 -6632 -10308 9840
7299 5246 2608 -8284 -7436 10512
6671 1829 -1968 -10404 -9068 10496
7316 535 -3269 -6852 -4748 11032
5117 1592 -3433 -6632 -4652 12048
3727 1737 -3237 -6764 -5120 12104
4160 1849 -4136 -6052 -5956 11404
5264 2826 -5880 -6232 -5844 11632
5247 4306 -6008 -6700 -4904 11252
4736 5188 -5448 -6432 -3464 11416
2767 6303 -5787 -6900 -3388 11012
1303 5987 -5613 -7624 -3496 10892
21 5247 -4811 -8420 -3860 10700
-1200 4441 -4028 -8820 -4296 10476
-2146 4475 -3368 -8808 -5556 10116
-1718 4790 -2945 -9092 -6584 9648
-1280 4476 -2422 -9548 -7072 9684
-50 4175 -2054 -9836 -7424 9264
469 4208 -2592 -9796 -6992 8848
761 4114 -2645 -10200 -6948 8552
581 3821 -2447 -10600 -6404 8980
289 3145 -1632 -10800 -6456 8564
182 2403 -1156 -11364 -6544 8448
131 1657 -719 -11048 -6640 8060
208 1307 -1031 -11108 -6648 8052
95 970 -1270 -10616 -6712 7796
-299 952 -1426 -10756 -6436 7892
-954 177 -785 -11904 -6464 8372
-1120 -1783 457 -12816 -7128 8380
-1278 -4318 303 -11788 -7616 8440
-372 -5639 166 -10896 -7656 8204
463 -6513 -762 -9408 -7152 8552
440 -5573 -526 -8656 -6768 9420
173 -4934 -226 -7712 -6720 9928
63 -5082 284 -8088 -6444 10528
-231 -5504 803 -7820 -6528 10568
-83 -6228 520 -7680 -7068 11384
932 -7615 148 -6672 -7200 11676
1598 -8238 -756 -5784 -7112 12340
2198 -8991 -1789 -4660 -6808 12676
2776 -9205 -2202 -3408 -5908 12956
3481 -9466 -2016 -1728 -5264 13280
3206 -8828 -1882 -408 -4564 13488
2764 -8527 -1681 324 -3924 13576
2972 -8739 -1621 1348 -3680 13520
3234 -8783 -1811 2488 -3688 13364
3765 -8979 -2071 3728 -2820 13440
3713 -8245 -2040 5340 -1892 13268
3060 -6616 -1041 6888 -1232 12764
2650 -5407 -1842 6620 -1184 13032
3010 -6117 -2503 6332 -1168 12904
3087 -7413 -2529 7884 432 12068
2508 -7541 -2236 8924 1332 11988
1747 -7858 -1202 10200 2796