348 4796 448 2352 552 14388
186 5232 918 2100 360 14272
-79 7051 2397 1548 736 13860
-280 7236 3355 -1776 824 13952
-1311 5971 3134 -1320 1852 13480
-2034 6908 1667 -312 -1980 15208
-731 5740 816 -2424 -488 14392
-2809 6499 2241 -1184 -52 15924
-772 7956 3119 -5776 852 13872
111 5269 2155 -6448 -564 14280
-943 5103 1186 -4708 2200 13772
-3389 7951 -259 -4560 2824 12784
-6675 9282 -405 -7252 2140 11708
-7756 7533 -194 -8916 -2652 12616
-6332 4168 646 -10976 -2548 11560
-4380 1251 1347 -11336 -3544 11488
-3267 925 301 -8188 -1332 11108
-4747 4068 -2137 -6708 -1448 10748
-6016 8010 -2626 -7616 -2952 9432
-3955 9867 -3408 -9728 -5680 8544
-1937 9273 -4262 -12956 -6880 8740
2179 6072 -3571 -13796 -7792 9180
3158 3342 -3974 -13672 -5944 9072
2628 1323 -6218 -13416 -6288 8720
3609 -128 -8540 -12824 -7180 8112
6156 -1607 -8675 -12700 -9668 7456
8619 -4449 -7967 -12044 -3544 9364
5802 -3442 -8771 -8968 -5608 9072
4394 -3459 -9133 -9928 -5016 10460
5711 -5792 -7109 -8764 -5400 10108
6088 -5588 -3562 -7800 -4848 10768
5826 -5463 -925 -7800 -3256 11516
4770 -7371 157 -6932 -3104 12192
3146 -6106 -1340 -3544 -4408 11380
3733 -3584 -2824 -2508 -5556 11976
5382 398 -2333 -1056 -4340 12256
5706 4964 -507 -1084 -1732 13200
4113 8180 1701 -3000 -428 13328
2878 9559 3193 -4628 628 13040
786 9745 2960 -7192 952 13040
24 8195 2626 -9632 -644 12532
2300 5782 3225 -11224 -1416 12116
5300 2153 2271 -11464 -308 11644
6268 -213 1921 -9072 2272 10492
4982 2026 1685 -6416 3944 9904
2029 5316 913 -7496 5452 10104
-748 6498 -958 -9712 4676 9644
-3135 6336 -5118 -10044 5140 9500
-6173 7089 -5578 -11928 4408 8640
-8140 5723 -4519 -14260 3756 9132
-9786 1552 -4115 -15848 2176 8964
-10561 -1980 -2486 -15828 380 8088
-11044 -5802 -1477 -15024 -1680 8436
-11199 -8015 -635 -11988 -3312 8064
-10629 -7899 -488 -10200 -5056 8252
-9827 -6745 88 -9808 -5088 8288
-9401 -5654 890 -9208 -5268 8940
-9425 -4862 2245 -8636 -6272 8700
-9171 -2982 3556 -8320 -6672 8248
-9070 -2030 4009 -8792 -7128 8844
-9569 -1672 3769 -8548 -7184 8160
-10406 -1758 4049 -9280 -8248 7568
-8839 -2128 4572 -10216 -9620 7944
-7396 -2407 4101 -9408 -10472 7424
-5541 -1716 2493 -9600 -10536 7488
-2915 -1263 1434 -9880 -12512 7852
1539 -1075 148 -11496 -13584 8184
6309 -3639 -398 -12264 -11744 8960
8216 -6208 -2462 -10228 -9440 8940
8215 -6173 -4990 -7844 -8832 9152
9192 -5986 -5719 -7920 -7704 10488
10553 -5679 -4208 -6052 -7120 10764
11109 -4132 -5691 -3904 -5792 10792
11121 -1748 -7506 -3120 -4164 11704
11245 1103 -7867 -2436 -2488 11764
10575 3409 -6417 -2852 -180 12332
8904 4660 -4500 -4560 1176 13020
7116 4334 -3081 -5548 2460 12972
5492 3468 -1630 -6632 1816 12980
5160 2347 -407 -7512 1616 12816
6100 839 -174 -6444 1212 12496
7041 1733 -1320 -4716 2296 11564
6459 4969 -1771 -4824 4576 11420
4584 6874 -2314 -6740 5744 11036
2708 7494 -1999 -8408 5200 10580
2565 7487 -1014 -9972 5576 10636
3196 7726 1989 -10180 5712 9792
3304 6242 2693 -11732 5648 9328
3398 4052 1634 -12088 6736 8084
3667 2403 588 -13300 6212 7612
4163 -650 -1152 -14328 5892 8164
5170 -4198 -1856 -14472 6900 7964
6265 -7301 -2627 -13484 7416 7736
5986 -9105 -2031 -12568 8856 8124
5164 -10152 -1524 -8812 9956 7444
3180 -7478 -37 -7540 10400 7896
527 -6796 -383 -7964 10912 8128
-2500 -7625 -144 -7464 11264 8520
-5585 -7348 1159 -6264 10572 9244
-7239 -5468 2334 -4088 7740 9984
-7112 -3476 2768 -4388 6520 11140
-6710 -3393 1973 -5400 6292 12260
-6422 -4724 1491 -5444 6040 12492
-5976 -5082 1664 -4224 5896 12928
-6260 -4563 2914 -3152 6124 13328
-7063 -3976 3505 -2180 5956 13104
-8304 -2446 3176 -528 4996 12844
-9139 -14 2707 680 3832 12884
-10509 3266 3082 352 3244 13252
-12450 5328 3636 -1360 1960 13400
-13098 6406 3965 -2624 -972 13220
-11045 6435 5012 -4516 -4200 13644
-7275 5944 4714 -5244 -5384 13068
-4564 5878 3557 -5164 -5092 13096
-3460 7641 4232 -5280 -4584 12184
-2705 9800 5080 -6460 -3656 12104
-2492 10891 4722 -8376 -4024 11304
-1434 10936 5221 -10532 -3704 10620
-301 10117 5069 -12184 -2916 9580
751 8347 4923 -14120 -3160 9140
2323 5766 4407 -14892 -2408 8256
3919 2786 4107 -15280 -1872 8128
4883 -511 4573 -15784 -1080 8096
6164 -3953 5520 -15896 480 8116
7202 -8069 4474 -14732 1844 7728
7124 -11112 2954 -13512 4116 8072
5226 -12651 1498 -11548 5616 8704
3174 -13704 1720 -10616 6560 9276
1809 -14248 1378 -7968 6380 10448
378 -13146 59 -5456 6488 10508
-393 -11589 -565 -4176 6120 11028
-1901 -11421 1117 -3260 5424 12700
-726 -11932 17 -1368 4948 13120
-1528 -11533 -61 580 5640 12860
-1831 -9259 1475 1852 6500 12888
-4055 -7397 1296 3072 6504 12792
-5973 -6502 2306 3332 6580 12972
-7975 -5948 3748 4604 5488 12948
-9093 -4790 4549 6144 2980 12916
-8736 -2478 4854 7576 444 12880
-6753 1799 5663 8300 -608 13480
-5478 6057 5885 7184 -388 13780
-6068 8129 5226 5620 -204 14032
-7841 8952 4381 3392 -404 13480
-9207 9523 3856 1648 -1896 13148
-9815 9109 3120 -268 -3408 12936
-9810 8358 2801 -1320 -4792 12368
-9059 8152 3151 -1896 -6296 12116
-8809 8624 3954 -3260 -6428 10984
-8721 9067 3859 -6600 -6360 10252
-8285 8241 3511 -6408 -9860 10416
-5686 7212 2533 -8252 -10944 10320
-2763 6091 2964 -8184 -10464 9804
-1274 6240 3613 -8456 -10396 9088
-77 6465 3710 -9112 -9520 9340
935 6833 3586 -9636 -9948 8920
3278 6901 4613 -11892 -10248 8032
7436 4394 5651 -13044 -9680 7700
10684 3245 5862 -11832 -7792 7108
12331 3298 4180 -11572 -5808 7156
13130 3148 2802 -12544 -2980 6968
13551 2258 3334 -13144 -856 7028
12708 814 2726 -13960 196 7368
12894 -1599 1873 -14844 4 7352
14019 -5145 1021 -14200 1672 6972
15243 -7869 1118 -11700 2192 5132
13524 -8362 720 -11156 7948 7128
9842 -8399 -776 -9748 8920 7072
8077 -7513 -399 -9312 8508 7180
6545 -7055 -98 -9512 7996 8608
6685 -8205 -673 -8272 8004 8328
6567 -7947 -1223 -6664 10256 7928
4610 -6303 -2466 -5356 11636 8052
865 -4182 -3017 -4608 12656 8476
-3169 -1782 -3557 -4024 12048 8592
-7447 1801 -3648 -4168 11572 8688
-11195 4509 -3959 -5080 10220 8824
-13889 6861 -2887 -6212 8268 8416
-15314 9188 -979 -7744 4772 8488
-14112 9284 -652 -11108 1568 9280
-12064 7144 -1941 -12828 -84 9440
-9787 4660 -2146 -13476 -1240 9256
-8158 2856 -1697 -13276 -1288 9480
-7220 2074 335 -13724 -1716 9236
-5904 688 1608 -13544 -492 9432
-6654 -717 2178 -13436 248 8848
-8276 -1935 3086 -12692 784 9148
-10831 -3242 3009 -12668 460 8908
-12980 -3985 2336 -11204 -1088 7692
-14018 -3092 1998 -10604 -3268 7664
-13045 -2297 1230 -10892 -5164 7452
-11180 -2433 379 -11624 -6112 7772
-9694 -2939 876 -12496 -7884 8328
-7833 -3712 189 -12032 -8796 8408
-5536 -5490 -1491 -12748 -8864 8828
-3234 -8957 -2319 -12260 -9040 8720
-604 -11684 -2828 -10424 -9704 9060
1632 -12134 -2968 -6932 -9128 9276
2570 -9202 -3919 -4144 -7816 10216
3787 -6541 -4040 -3768 -8504 10960
4694 -6102 -2160 -4376 -6440 10652
4799 -6533 -2300 -2488 -6908 12564
4859 -6802 -3364 -2764 -5400 12256
5248 -7013 -1435 -2160 -6132 12880
6506 -7387 -845 376 -6300 13336
8173 -5587 -1613 1756 -4748 13184
9897 -3115 -1894 3008 -3120 13396
9608 -1164 -3420 1868 60 14112
8689 -565 -3310 2028 1248 13804
9706 282 -1029 2716 1996 13848
8691 1967 -1119 3144 4244 13444
5214 3677 -4262 2100 5056 13608
4569 5194 -4179 984 4916 13292
4916 6541 -3908 332 4632 13140
5126 7241 -3969 -1088 5116 13264
6199 6877 -3314 -2752 5708 13012
6672 5567 -2762 -3932 7044 12080
6271 4835 -3013 -3368 7404 10864
6420 6268 -2763 -2200 7108 9592
7279 8923 -2479 -4016 8820 9036
6479 9665 -2139 -7620 11312 9344
3541 7377 -3791 -10232 12292 8580
2086 5038 -3580 -11104 12024 7388
2100 3099 -1815 -10440 11500 7156
1203 2457 -1139 -9888 12208 7384
60 2650 -1681 -9780 10312 6476
-872 2551 -1218 -12204 11912 6976
-2342 -1137 1174 -15992 13292 6876
-4775 -7111 3449 -13840 12896 6820
-8294 -9860 3707 -9588 12900 7348
-11080 -8822 2917 -6464 10056 8428
-11360 -6452 1906 -4636 7988 9208
-10911 -4642 1554 -4304 7284 10172
-11268 -3534 750 -2676 6728 10740
-11621 240 485 -880 4232 10752
-9528 6580 2154 -928 2396 10968
-6160 11104 3968 -4156 1332 10760
-4833 11268 2279 -7056 2492 10944
-4753 11021 -868 -9532 1540 10396
-3420 8993 -2661 -11488 1068 10028
-1895 6697 -2545 -12384 1236 10376
-1055 4529 -2075 -12444 1744 10448
-1139 3730 -2146 -12432 2128 9604
-1188 3880 -1804 -12252 2200 9092
-1533 4389 -1828 -12236 2056 8100
-2058 3848 -1608 -14136 2160 7948
-2867 902 -1319 -17116 1812 8980
-3139 -5987 -819 -20384 692 10144
-2319 -13687 -978 -16520 224 9492
-1972 -15991 -277 -12008 -404 9428
-1300 -15593 -153 -8488 -908 10340
-1176 -14117 -571 -5876 -284 11228
-1741 -11204 -1044 -4040 172 12244
-2497 -9132 -801 -4052 476 12736
-3422 -7978 -108 -2612 804 12808
-5016 -6512 722 -1552 1348 13672
-7017 -3937 2527 960 168 13236
-7789 478 4181 2140 -1484 12868
-7476 4912 6089 1388 -2308 12612
-7745 8450 7391 -912 -2952 12064
-7573 10643 7726 -3616 -4532 11124
-6897 11292 6939 -5716 -4616 10764
-6985 12122 5503 -6856 -5244 9760
-7176 12282 4087 -9688 -6180 9300
-5478 10198 3270 -13000 -6408 9124
-3885 6882 3305 -13288 -5788 8760
-3809 5280 1322 -13548 -5572 7724
-716 -498 453 -12088 -6624 8756
1185 -2823 -1187 -15688 -8092 8792
3627 -7181 -5212 -14836 -7724 8488
5595 -9920 -5899 -12628 -7780 9516
8724 -12203 -6811 -10356 -6840 9136
10182 -11439 -6996 -6664 -5376 9912
10868 -8853 -7300 -4264 -4076 10608
10817 -6497 -8282 -4040 -2776 11188
10824 -5426 -8653 -3980 -1740 12052
11274 -5101 -8236 -3116 -944 12416
11744 -4495 -7456 -2036 100 12348
12868 -2011 -6050 556 980 12316
12943 1702 -5372 676 3348 12272
12484 4760 -5302 120 5512 11468
10521 7040 -5365 -2388 8108 11512
8154 7338 -5048 -5580 11208 11704
5188 6165 -3506 -6340 11664 10596
2238 6715 -1659 -5684 11960 9260
-1428 8381 -1095 -5724 11480 9292
-4775 8955 -3549 -7356 9480 8920
-6603 9907 -5889 -8000 6600 8076
-7183 10624 -7609 -9616 4788 7752
-6763 11013 -7559 -11684 2760 7180
-5072 9715 -5712 -14020 2472 6916
-3808 7246 -3237 -16244 2952 6920
-3631 4540 -1071 -17824 3132 6748
-3238 884 1716 -19648 3044 6796
-1414 -4768 5707 -20956 2416 7388
54 -11418 8400 -18804 2804 7192
603 -16216 8409 -14580 3300 6700
-138 -18320 5628 -10016 5284 7620
-2600 -17853 1786 -5424 6380 8268
-5470 -14719 -1968 -2452 5916 9620
-6039 -9781 -2091 -1180 4332 10532
-5403 -6228 -1400 -1128 3332 12484
-5297 -3987 -930 -2028 2916 13620
-4621 -2539 455 -1804 2236 14892
-2018 -1001 3259 -2936 -1776 15032
4322 -441 4173 -2152 -2056 13648
8310 211 1939 -1628 500 13160
9463 1654 -1087 -1140 4084 12720
7788 3131 -2709 -2200 5816 12616
6773 4200 -2585 -2372 7316 12100
6993 5711 -1430 -2936 7124 11316
7175 7117 -1205 -3784 8628 10796
6349 7328 -1036 -5828 10192 10392
5585 7411 150 -6776 9948 9248
5354 6331 20 -8320 10772 9216
3212 3047 -1274 -10508 11408 8836
1913 -215 -1499 -10328 12224 7916
223 -2363 -912 -10192 15136 8184
-4541 -3392 431 -8788 17636 7788
-10559 -3384 1941 -8456 14864 8228
-13313 -4750 2994 -7948 11260 8648
-14185 -5593 4089 -7260 8976 10064
-14527 -6442 5691 -5340 5824 11052
-12591 -6003 6138 -3628 3804 11432
-11684 -5087 6584 -1720 3508 12860
-12192 -3103 5147 268 3692 11900
-13837 1455 4459 1100 2516 11660
-14546 5930 4379 600 364 11608
-14170 9761 6314 -1776 -1488 12012
-11883 11523 7983 -5164 -4096 11700
-7467 9724 7900 -8544 -6360 12076
-3736 7676 6336 -10404 -6868 12616
-706 6506 4535 -8660 -4172 12064
338 7705 3998 -9056 -3400 10984
1400 9306 4752 -8868 -1484 10340
2502 9688 5087 -11444 -2448 9800
5535 7639 4451 -14120 -3788 9156
9918 4641 2017 -14576 -2336 7980
11973 2293 -1748 -14620 -1368 7444
13744 -327 -5613 -14932 -296 6616
15339 -2585 -7628 -14380 824 6268
15717 -3480 -7525 -13916 3844 4608
14098 -3573 -4589 -12956 5760 6880
11821 -3691 -488 -13824 9300 7280
7665 -6451 3169 -15692 11856 7524
2704 -10946 6007 -13928 11396 6180
-1221 -13699 7464 -11468 9552 6696
-4658 -14562 6789 -8300 7592 9024
-6314 -13558 4709 -5536 5972 10608
-6129 -11860 3666 -3856 5208 11380
-5492 -11182 2970 -2348 5276 11908
-5411 -10688 2855 -2480 5068 12944
-4522 -11410 2984 -968 4304 13184
-3445 -12305 3449 352 3740 13316
-2166 -12601 3411 2920 2864 12932
-541 -11158 4268 6644 2276 13176
1108 -6284 4531 9992 2648 12720
2055 -318 3413 10836 4488 12656
538 3985 3011 9772 6392 12788
-1456 6939 3679 8628 5912 12444
-2435 9581 3979 6588 4904 12144
-3107 11070 3540 4748 4872 12704
-3666 11157 3066 3076 4136 13084
-4651 12202 1127 2252 3636 13284
-6122 13185 -308 496 3324 13572
-8054 13236 -1036 -2152 3376 13336
-10597 12254 -822 -4584 2804 13092
-12781 11661 -695 -4648 -316 12128
-12001 12923 258 -6008 -4032 10928
-7924 14510 4174 -7116 -5948 10152
-2476 15635 6546 -9344 -7440 9060
1857 15594 6354 -12060 -5908 8004
5466 14785 4934 -13596 -4072 7088
7687 12709 3671 -16204 -2348 5460
10654 9439 3588 -17452 -920 5440
12774 4858 4369 -19400 3056 5260
12633 606 5571 -16768 3592 3588
12028 -1875 5183 -15908 4908 3480
10342 -4921 2994 -15172 7004 2904
8885 -6968 2392 -13732 8716 2676
5534 -7902 2994 -14352 10160 3460
3244 -8998 3209 -13344 8640 4796
2504 -9673 3128 -11792 8748 5664
1447 -8495 3023 -11112 10456 5720
-1942 -7458 1572 -9232 11996 6688
-6476 -4908 1718 -7476 11600 7496
-9866 -2933 2121 -7652 10860 7908
-12480 -1771 2025 -7424 9796 8512
-14792 87 2219 -7820 7408 9048
-15705 -278 2230 -9840 5800 9220
-15701 -3617 1276 -10396 2564 9548
-13217 -6523 789 -9436 -756 10460
-9342 -7531 665 -7268 -2524 11136
-6716 -6479 703 -5984 -1508 12752
-6559 -5632 545 -5348 -1480 14056
-5825 -6590 823 -6428 -2360 14136
-4035 -8455 -188 -5568 -3324 13772
-1931 -9599 -2370 -4388 -4548 13940
1953 -8636 -2939 -1264 -4380 13732
6208 -7147 -1620 980 -3336 14088
8515 -3330 208 2896 -2360 14256
11077 -485 -453 2112 -2044 13608
13415 1335 -2844 -304 -308 13364
15947 -219 -5675 -1700 1660 13036
18662 -1806 -7102 -1992 3880 11240
21515 -2958 -8328 -3248 10500 9256
19328 -4392 -7636 -2196 15212 7596
12676 -4307 -6666 -1024 18896 6924
6654 -2433 -3811 -64 20524 5808
-182 33 -1510 96 19612 5512
-4994 2611 -334 -60 17052 5528
-7913 4112 -39 -1472 15224 6276
-10303 4475 -265 -2232 14088 7752
-12343 4289 -817 -2296 12412 8428
-13271 5428 -704 -2596 9516 9560
-12078 6301 -528 -3248 6528 10580
-9320 6839 -1035 -4680 4304 11904
-5825 6483 -1624 -6092 4452 12260
-3500 5875 -1945 -6692 5000 12468
-2222 5424 -2224 -6640 6128 11672
-2154 6172 -2129 -7140 6840 11344
-2791 7506 -1965 -7140 7016 10528
-4335 8531 -2071 -7868 7152 9520
-5802 9436 -1665 -9640 6508 8712
-7061 8962 -1056 -11668 6104 8456
-7827 6927 -301 -13508 4916 8520
-7742 3692 728 -14820 4152 8580
-8794 956 1219 -15208 3420 8820
-9051 -2211 1353 -14052 3384 8916
-10483 -2820 2546 -11908 2984 8876
-11553 -2173 4332 -11124 2572 8956
-12097 -1771 6650 -11452 2120 8724
-12513 -2537 7825 -11388 1092 8636
-12265 -4052 7459 -12032 -1024 9008
-10119 -5898 5755 -11552 -2600 9436
-7194 -5955 3103 -10288 -3912 9852
-3971 -6160 -1486 -10988 -4880 10972
-1442 -9064 -4051 -10776 -3508 12112
702 -10421 -3466 -8392 -3448 12928
2148 -10630 -3066 -6196 -2864 13380
2826 -9786 -3868 -4268 -2484 13656
3490 -9591 -5304 -3960 -1180 14104
3948 -9374 -5479 -2340 -1408 14080
5315 -9468 -6082 -1268 -1572 13940
7638 -8303 -5424 64 -976 13244
10239 -6569 -4288 2116 544 13100
11082 -4228 -3614 2976 3612 13028
9445 -2885 -4458 2872 6076 12880
7102 -1239 -5113 2776 6900 12444
6489 -47 -5451 2736 7008 12180
6820 2542 -4935 3644 7168 11056
7316 5197 -4733 3048 8200 11128
6032 7269 -4454 792 10948 10772
3646 7676 -4178 -1556 11828 11120
1635 6927 -3717 -3308 11424 10480
824 5832 -2879 -4500 11668 10460
-333 4711 -2422 -4312 11740 10064
-1753 5078 -2067 -3860 11568 10140
-3164 6210 -1758 -4560 11696 9860
-4453 7544 -1941 -5152 10936 9384
-5825 8334 -2300 -6484 10012 8960
-6947 8685 -1969 -7860 8712 8632
-7037 7701 -1551 -9840 7604 9120
-6835 5977 -1899 -10844 6836 9236
-6816 4168 -1650 -10560 6604 9424
-6443 3328 -708 -10692 5780 9396
-6137 3185 53 -11316 5252 9424
-5925 2631 86 -10632 5264 9204
-6225 2872 34 -10800 5136 8808
-7015 3399 -115 -10520 4908 8544
-7915 3864 -474 -11104 4328 8284
-8172 3726 -356 -12220 2572 8252
-7389 2444 -427 -12888 1384 8616
-6404 1351 -279 -13096 588 8780
-6030 812 -399 -12652 1248 8540
-6325 978 -527 -12100 1788 8372
-7601 1407 454 -12348 1304 8512
-7796 713 2063 -13360 676 8424
-7923 -300 3556 -13160 380 8112
-7400 -737 5366 -13196 -1040 8372
-3689 -2748 4752 -14500 -5564 8716
2475 -5041 -2408 -14984 -4912 9776
6922 -6430 -1256 -13072 -3116 8648
8696 -5328 -298 -11980 -2124 9824
10792 -6804 -2383 -12380 -888 9904
12153 -8416 -3480 -11224 924 9988
13050 -9314 -4194 -9948 2292 9832
14049 -9313 -4205 -8504 3276 9448
15037 -8484 -4015 -6752 3800 9240
17285 -7410 -2965 -6652 8436 7964
14694 -7112 -2236 -5304 13864 7940
7756 -5210 -340 -5156 15192 7776
4034 -4795 2207 -4908 14320 7612
-419 -4873 2728 -4724 14944 8048
-4913 -4547 3620 -3492 14112 8912
-8518 -3789 4032 -3104 11688 10212
-9741 -3289 3859 -2292 9808 10884
-10239 -3004 3094 -1792 9040 11608
-11375 -2096 2452 -1012 8296 12124
-12557 -1664 2184 -884 7208 12372
-13545 -1150 2105 -564 5448 12656
-14255 -551 1964 -208 3708 12708
-15089 220 1326 0 1556 12676
-14656 1293 802 416 -1168 13024
-12367 3323 1055 -628 -3896 13268
-8970 3842 1840 -2476 -6024 14168
-5294 3300 2110 -2992 -6364 14296
-3061 3181 1702 -2824 -5488 14704
-2455 3586 1581 -2384 -4264 14388
-2619 5063 1881 -2512 -3524 14064
-3127 7220 2795 -2404 -3340 13308
-3601 9220 4020 -4824 -4008 12480
-2916 9007 4802 -7452 -4792 11972
-1435 7528 4854 -8852 -5008 11428
-551 6501 3527 -8896 -4488 10928
-582 6621 1945 -8936 -4104 10372
-580 7521 962 -9388 -3824 9940
-7 7393 689 -10272 -3876 9464
554 7419 1717 -11820 -3952 8772
2179 6577 3095 -13016 -4608 8232
4666 5196 3309 -13908 -4536 8128
6946 3514 2750 -14060 -3536 8068
7912 1719 1419 -14308 -1960 7924
8526 -421 -54 -14688 -1004 8128
8662 -2053 -1135 -14192 -96 8048
9693 -3348 -807 -13208 480 7584
10755 -3397 416 -12444 3128 7588
9542 -3082 942 -11768 4408 8120
7722 -3509 761 -11800 6196 8080
5282 -4134 775 -11272 6952 8136
3221 -5094 1448 -11852 7164 8396
2177 -6384 2458 -11396 5736 8896
2079 -7973 2766 -10708 5536 9296
2266 -8886 3105 -9132 5460 9676
3071 -8384 3408 -7144 5804 10340
3006 -7075 2968 -5832 6904 10768
2577 -5481 2215 -4860 9112 10380
407 -4299 1761 -4984 10616 10564
-2393 -3704 1955 -4560 10508 11144
-4291 -3622 2322 -4360 9460 11316
-4499 -3290 3813 -4176 7496 11688
-3697 -3597 4435 -3700 5684 12364
-675 -3052 3805 -1792 3836 12572
2193 -1263 1983 -276 4804 12920
3987 1537 -424 140 5816 12064
5210 3751 -2252 -1220 8452 11476
3952 4766 -3210 -2384 11520 10912
1505 5839 -3009 -2736 11604 10056
-338 7305 -2954 -3432 10392 9924
-1507 8426 -3137 -4152 9724 9668
-2693 10343 -3182 -5256 9780 8916
-4072 11798 -2937 -7388 9780 8088
-5746 11552 -2882 -9900 9412 7608
-6958 10542 -2747 -11676 8660 6732
-7982 8694 -2704 -12720 7744 6744
-9311 6636 -2944 -13384 6148 6992
-8984 4835 -2240 -14820 3532 6928
-7370 2696 -1015 -15760 2888 7348
-6119 252 -1018 -15080 3452 7840
-5905 -1536 -774 -13784 3820 7484
-6634 -1783 -271 -12068 4744 7432
-8734 -353 225 -11836 4356 7540
-10188 6 486 -12256 2488 7332
-10005 -432 428 -12612 380 7340
-8463 -1067 871 -13100 -1304 7764
-6244 -2348 1441 -13628 -784 8252
-5192 -4140 1810 -13728 -108 8800
-4986 -6511 312 -12488 -3436 1372
-4128 -8411 -4404 -14088 -1260 9936
-4191 -9627 -2584 -10304 -2212 10744
-3564 -8465 -1694 -9448 -3552 11088
-1721 -9031 -2637 -9016 -3580 11632
-195 -9580 -2646 -8256 -4096 12192
1700 -10348 -2796 -7584 -4600 12648
4247 -10705 -3015 -5424 -4464 12620
6632 -10238 -2969 -3856 -3056 12500
8290 -10166 -2821 -2516 -1900 13184
9444 -8708 -2161 -252 -752 13372
10747 -6831 -1741 1216 724 13608
11704 -5182 -1584 1772 2040 13356
12711 -4038 -2228 2604 3488 12912
13356 -2186 -2958 2940 5828 12008
12865 -605 -4816 3288 8560 10920
10417 1373 -6865 3560 11324 9808
7146 3538 -5561 1660 13752 9624
3312 5065 -3907 616 14912 9192
-666 6278 -2501 -1332 14288 9256
-2966 6063 -1423 -2552 12168 9288
-3375 5569 -620 -3436 10960 9876
-3750 5074 -747 -3584 11220 10400
-4752 5591 -1154 -4052 10284 10508
-5375 6043 -1433 -4628 9704 10532
-4823 6061 -1772 -5400 9360 10660
-5114 6365 -1295 -6124 8264 10736
-4377 6480 -1339 -6484 7704 10312
-3848 6806 -945 -6900 7212 10148
-3488 7057 -749 -7836 7640 9796
-3305 7273 -599 -8496 7008 9408
-3291 7527 -640 -9716 7032 9028
-3440 7312 -566 -10224 6804 8616
-3935 6990 -1057 -11052 6792 8076
-4516 5943 -1875 -12052 6452 7816
-5868 3871 -3484 -13616 6128 7172
-6266 542 -4597 -14508 4920 7588
-5337 -2166 -1978 -15108 3120 8912
-3963 -4297 -604 -13648 3164 9544
-3441 -4411 552 -11680 3640 9528
-3485 -3424 1246 -10248 4188 9492
-4802 -1892 1223 -9720 4876 9444
-6894 -1066 699 -10420 4432 9520
-7964 -1954 299 -11104 3360 9584
-8670 -2980 510 -11224 2100 9780
-9211 -3739 -233 -10840 524 9984
-8857 -3942 -764 -9688 -1040 10236
-7428 -4105 -1456 -9384 -2352 10600
-5666 -4282 -2048 -8784 -2676 10844
-5185 -4007 -1811 -8184 -2576 11840
-4766 -3682 -1027 -7872 -2848 12192
-4807 -3482 -642 -6680 -3660 12284
-3736 -2765 -291 -6056 -4076 12580
-1230 -1763 1087 -6400 -7272 12944
4060 -1299 3352 -6908 -8516 13268
8632 -1413 3427 -6740 -6540 12928
10962 -809 948 -6304 -3428 12364
11319 -276 -1100 -6364 -452 12448
11702 -445 -1430 -6968 940 12140
12130 -1445 -774 -7024 2148 11804
12675 -2333 -516 -6432 2976 11220
13259 -2413 -1823 -5740 4652 10484
12855 -2225 -3295 -6064 7624 9964
11331 -2478 -3487 -5496 10312 9316
8574 -1839 -3062 -4732 11392 8840
5829 -879 -1840 -5032 12516 8956
3580 -314 117 -6260 12528 9168
1303 -1497 1572 -7736 12364 9180
1314 -5331 2246 -8880 10320 9524
1325 -8296 2578 -6252 10660 9644
2196 -8352 2750 -3024 10484 9896
2905 -6556 1980 -732 11384 9716
2702 -3722 1245 1156 11912 9512
2576 73 494 1648 12304 9304
2573 3375 -990 1020 12648 8320
2229 6047 -2347 -104 12984 7100
1774 8116 -2926 -1940 13360 6748
617 8713 -2917 -3084 14168 6548
-1737 8870 -2802 -5644 14220 7200
-3655 7782 -3809 -6296 13024 6520
-4814 7436 -3910 -8172 12448 6736
-5665 6235 -3900 -9044 12280 6716
-6066 4955 -3407 -9820 10788 6848
-5736 3358 -3230 -9848 10928 6776
-6408 2884 -2276 -10040 10312 7108
-6620 2086 -1448 -10532 10320 7008
-7487 1252 -305 -10920 9780 7184
-8369 171 361 -10932 9776 8128
-9522 -444 643 -9976 8912 7944
-10671 -27 730 -9232 7920 8444
-11411 913 219 -9428 6572 8628
-11874 1207 352 -9828 5536 9092
-12097 1214 448 -10088 3912 9460
-11875 960 483 -10280 2712 9492
-11349 1014 1163 -10284 1968 9812
-10713 153 437 -11260 -68 10084
-9109 -1898 -1098 -11528 -1732 10456
-7415 -3740 -1775 -11136 -2000 11024
-6060 -4733 -964 -10276 -1600 11436
-5303 -6013 -152 -9992 -2148 11844
-4374 -7679 286 -9328 -2352 12180
-3320 -9403 660 -8836 -3468 12740
-949 -10827 1081 -6952 -2808 12840
-653 -10272 172 -4464 -3248 12888
354 -9075 -1157 -3044 -3996 13504
2226 -7216 -1193 -1936 -3880 13636
4900 -5938 -405 -1704 -3116 14312
6359 -5882 -560 -1300 -1532 14560
6727 -6039 -1375 -440 -188 14540
7289 -5700 -1657 860 492 14000
8293 -5354 -1375 1240 1776 13832
8998 -5463 -1715 1888 2608 13500
9333 -5047 -2069 2580 3840 13128
9988 -4668 -3128 4184 4944 12212
10666 -2159 -3906 5464 6080 11156
11390 936 -5180 6016 8248 9520
10137 4362 -6172 5448 11408 9276
7063 7779 -6399 3180 13748 9132
2436 9003 -6523 560 15048 8996
-629 9838 -5445 -1420 12936 8480
-1602 9983 -3720 -2820 11832 8208
-1607 10169 -2460 -4180 11548 8836
-1990 9906 -2677 -5224 11236 8648
-3237 9877 -3523 -6888 11104 8300
-3659 9832 -4341 -7744 10696 7856
-4334 9337 -5020 -9164 9864 7652
-5247 8546 -4485 -10572 9940 7448
-5865 6801 -3446 -11852 8828 7248
-6297 4755 -2005 -12440 8300 7304
-6807 3074 -1491 -11856 8040 7348
-7669 2978 -1303 -11708 7056 7100
-8478 2766 -1110 -12500 6596 6916
-8838 1450 -637 -13456 5176 7480
-8363 -690 -366 -13708 4604 7840
-8234 -2809 -185 -13592 4060 8400
-8624 -4413 20 -12704 3708 8704
-8881 -5405 163 -11988 3404 9100
-9820 -6371 291 -11516 2680 9764
-9912 -7204 542 -10312 760 9836
-9027 -7327 159 -9396 -344 10744
-8024 -7309 137 -8552 -1388 11420
-6681 -7352 134 -7644 -1944 11528
-5792 -6149 -207 -6000 -2976 11960
-4253 -4676 -887 -5388 -4220 12448
-1674 -3799 -1247 -6024 -5472 13460
2030 -5005 -1251 -7048 -5376 13996
4997 -7078 -1594 -6376 -4552 14096
7336 -7463 -1018 -4604 -2908 14064
8704 -7915 16 -3052 -916 14072
9090 -7690 194 -732 1228 13992
8304 -6196 -203 1252 2916 13632
7748 -3588 -884 2076 3700 13056
7714 -1280 -839 1492 3720 13192
8377 -222 -1159 208 4804 13212
9138 -603 -1466 -172 5472 13056
9869 -1490 -2511 -176 6948 12352
10147 -2069 -3255 132 8668 11572
9906 -1781 -3523 508 9752 10552
10431 -1366 -3857 -564 12408 9108
9200 -1524 -4056 -356 14224 8204
6613 -1078 -3891 216 15032 7312
4029 585 -3742 908 15696 6792
2042 2705 -3224 124 14656 6860
1591 3966 -2533 -1332 13424 6792
1973 4164 -1818 -2912 12896 7312
3074 3256 -1518 -4032 12836 6932
3459 1672 -1688 -4356 13816 6512
3491 523 -1984 -4164 14612 6176
3061 336 -1871 -4148 15808 5348
1470 -154 -1723 -3972 16520 4592
-949 -143 -1931 -3944 17576 3988
-3834 501 -891 -4504 17828 3608
-6202 433 568 -4828 16752 4444
-7980 74 2136 -4536 15620 5424
-9685 18 2842 -3956 15044 6176
-11578 291 2711 -3516 14248 6756
-12546 675 2689 -3024 12428 7400
-12909 1336 2862 -3616 10892 8564
-12963 883 2778 -4100 9708 9900
-12878 -86 2428 -4196 8116 10948
-12063 -1189 2084 -4028 6424 12092
-11271 -1905 1370 -3228 5448 12612
-10066 -1977 1018 -2384 4120 13180
-8923 -1884 1317 -2032 3252 13844
-7839 -1568 1474 -1392 2996 14172
-7443 -942 1073 -756 2644 14384
-7645 253 967 -324 2100 14232
-7567 1481 930 -652 1508 14084
-8045 2723 808 -404 460 13912
-7862 4256 1169 -1252 -820 13788
-6678 4836 1916 -2560 -2544 13972
-4317 4685 2225 -4068 -3544 14180
-3080 4164 1974 -4656 -3068 14808
-2758 3833 1551 -4836 -3164 14340
-2553 4291 1323 -4432 -2796 14100
-1396 5846 2153 -4228 -2648 13468
-922 7871 3115 -5348 -2652 13156
-201 8290 3911 -7416 -2348 12212
556 7717 3602 -9256 -2536 11564
1489 6026 2361 -10516 -1928 11308
1951 4610 636 -9948 -1324 11044
1895 4999 78 -9504 -680 10328
2509 5153 1005 -10700 -1240 10188
4251 4057 2167 -11648 -1364 9828
5962 2255 2150 -12156 -132 9580
6732 1295 1482 -12244 708 9460
7687 490 1108 -11896 936 9132
9594 271 1016 -11588 1704 8616
11476 268 1428 -11336 2684 8356
13456 -47 2190 -11808 3388 8172
15275 -1854 2389 -11920 5308 6776
16002 -3484 1688 -12752 9372 6124
12421 -6460 1520 -11564 12920 5044
8622 -7025 1612 -9912 12784 4032
6721 -6736 2854 -8968 12204 4388
5359 -7550 2855 -9204 13080 4820
3857 -8281 3030 -8368 11796 4440
4258 -9332 3300 -7636 12552 5088
3257 -8994 3963 -5696 13208 5724
3184 -8175 3743 -4380 13176 5308
2841 -7054 3397 -3636 14588 5960
340 -6521 2853 -3500 16848 6112
-2747 -5537 2724 -1636 16848 5548
-5101 -4042 2789 -912 15912 5768
-6783 -2690 3301 -52 15132 6296
-7914 -1538 3553 -232 13824 7084
-8712 -665 3476 -108 12912 8408
-8635 -44 3068 16 11356 9332
-8528 -288 2080 -860 10584 10072
-8561 -983 1443 -692 10496 10976
-9097 -1328 1292 -292 10184 11252
-10224 -1556 1020 568 10076 11848
-11973 -1224 454 512 9360 12108
-12733 -661 931 1320 6816 12368
-12240 788 1649 1996 4952 12944
-12031 2559 2470 1852 3732 13140
-12225 3730 2542 1148 3184 13580
-14177 4105 2765 248 2268 13608
-15139 4216 2242 -828 -1564 13380
-13101 3454 1642 -2644 -5776 13244
-7771 2127 1960 -2628 -7024 13636
-4488 2732 2301 -2216 -6928 14228
-1942 4314 3595 -1124 -6748 14324
-689 6642 4462 -1984 -4784 14032
-273 8313 4658 -2932 -3476 13496
-1278 9422 4551 -4556 -2152 12588
-2788 9300 3947 -6536 -2736 11936
-3664 8647 3514 -8248 -3780 11580
-3470 7892 2579 -8684 -4560 10736
-2347 7740 2186 -9984 -5496 10748
-415 7267 2806 -11076 -5312 9524
2398 6449 4095 -12028 -4716 9324
4673 5244 4757 -12908 -4332 9116
6962 3989 4500 -12524 -3788 8612
8720 3676 3850 -12492 -2268 8148
10180 3514 3064 -12904 -572 7512
11356 2301 852 -13728 48 7372
11599 1020 -886 -13700 1288 6932
12270 334 -1323 -13168 1480 6228
14016 -77 -267 -12860 2108 5880
16041 -7 946 -12416 3684 5116
17332 -126 1387 -14112 8316 3936
14581 -2348 2645 -13600 12540 2996
8897 -4399 2279 -13192 13068 3528
5079 -5789 3088 -12376 12116 3244
2727 -6130 4349 -11584 11104 3800
1100 -6310 4241 -10744 10256 4624
812 -6046 3749 -9824 9604 5304
1150 -5650 3055 -9324 10260 5640
1315 -5876 2455 -8380 10944 6092
273 -5239 2200 -8348 12120 6264
-1034 -5307 2430 -8036 13184 6116
-3134 -5446 2778 -6684 13336 6536
-4844 -4947 3356 -6280 12884 6844
-6033 -4767 4229 -5240 12468 7728
-6559 -4258 4117 -4884 10896 8716
-6397 -3775 3494 -4212 10684 9556
-6792 -3736 2598 -3980 10516 10088
-7447 -3884 1820 -3448 10476 10676
-8688 -4115 1552 -2588 10200 10892
-10106 -4055 1648 -1900 9564 11348
-11334 -3772 1568 -1428 7840 11920
-11735 -3391 1252 -596 6136 12416
-11170 -2536 1030 -284 3848 12836
-10260 -1518 1507 148 3180 13504
-10190 -474 1928 444 2304 13988
-10304 -1 2004 212 1232 14144
-10354 574 2058 -176 352 13624
-10661 1109 1728 -116 -1132 13780
-10551 1348 809 -196 -3340 14064
-9309 1301 267 -1272 -5320 14144
-6678 579 700 -1028 -6448 14408
-4752 1119 -129 -944 -6684 14624
-2085 1397 -228 -1640 -7912 14416
1125 1301 651 -1812 -7836 15060
4540 903 2029 -2112 -7012 14916
7499 730 3152 -1732 -5972 14384
9953 1568 3488 -1092 -3840 13880
10839 3064 2966 -796 -1452 13512
10650 4435 2158 -1320 1004 13124
9794 5002 1624 -2608 2184 13196
9583 4746 2215 -3752 2588 12940
10410 3817 2732 -4948 3484 12576
11339 2019 2060 -4832 4832 12404
10783 1233 -215 -4228 7196 11864
9771 1462 -2357 -3668 8240 10492
9187 2719 -3599 -3192 9748 9436
8492 5128 -3713 -3708 10328 8352
6602 7303 -4925 -4564 12932 6936
3052 10222 -5733 -5972 13528 6360
65 11071 -5877 -8448 12848 5216
-2690 11691 -4874 -10072 12168 4596
-3966 10216 -4037 -11948 10628 4012
-5301 8904 -4191 -12604 9452 3784
-5542 7341 -4257 -13760 7000 4012
-4696 5883 -4128 -14396 6092 3796
-3320 4079 -2351 -15776 5856 4384
-1941 1433 -1956 -16120 6112 3912
-1707 -670 -2245 -14972 6992 3820
-2461 -1253 -1783 -14088 7736 3516
-3342 -1519 -647 -14752 7468 3776
-4336 -3185 41 -15212 7232 4284
-5765 -4296 -232 -14156 7188 4448
-7465 -4515 -36 -13060 7060 4716
-9536 -4147 -648 -12436 6636 5204
-11324 -3967 -1011 -11800 5448 5936
-12334 -3635 -110 -11616 3820 6208
-12469 -3241 526 -12240 1500 6788
-10739 -4668 352 -13000 -1688 7656
-7570 -5219 496 -12172 0 8580
-7897 -5517 -402 -11968 -348 9800
-7918 -7021 -1859 -12696 -1460 10624
-6693 -10215 -3025 -11232 -2164 10816
-5414 -11081 -2542 -9240 -3556 11500
-3481 -10416 -1623 -7500 -4136 12260
-1521 -9969 -1409 -5732 -4472 12636
56 -9177 -1383 -4120 -4332 12988
1546 -7304 -1289 -3408 -3932 13668
3153 -5878 -840 -2644 -3308 13788
4341 -4927 -284 -1896 -2656 14252
5489 -4196 559 -1588 -2236 14292
6564 -3677 436 -1076 -1324 14384
7801 -3460 186 -976 -392 14504
8796 -3233 -337 -320 960 14120
9326 -2725 -743 132 2552 13956
9298 -2243 -1490 836 4460 13540
8784 -1689 -1673 936 5928 13108
7910 -1041 -2106 1304 7172 12348
7305 -140 -2253 1512 7688 12020
7039 1297 -2073 1404 8272 11440
7306 2143 -2283 608 9280 11216
6532 2402 -2443 -216 10300 10928
6452 2436 -2638 -948 10652 10372
6222 2372 -3061 -1952 11292 9520
5436 1555 -3374 -3244 13284 9020
4770 340 -2605 -3392 13072 8224
4628 -181 -1754 -3108 11780 7988
5901 -271 -2148 -2212 12196 7824
6631 348 -2506 -2480 12736 7060
6551 720 -2895 -2988 14856 5980
4636 716 -2673 -4136 17544 5096
1147 373 -1682 -4960 19276 4160
-3139 -258 20 -5072 18620 3900
-6319 -923 1628 -4440 17388 4480
-8731 -943 2547 -3396 16000 5556
-10394 -124 3024 -2620 14468 6660
-10957 375 3312 -2916 12584 7736
-10509 283 2707 -2916 11568 8900
-10703 199 2128 -2956 11096 9776
-11340 -451 1338 -2744 10960 10524
-12240 -945 1223 -2660 10000 10888
-13697 -1789 1014 -1768 9268 11124
-15167 -403 1035 788 6204 11392
-14015 4189 2332 1000 3396 11548
-12005 7726 2970 -468 1316 12276
-9927 9348 2958 -3256 1148 13088
-8892 9601 2368 -5696 -884 13276
-6482 7921 822 -7320 -1416 13340
-4510 6716 586 -7908 -1816 13692
-2579 6316 974 -7504 -1856 12840
-813 6627 1370 -7936 -1820 12940
949 7479 1756 -7896 -676 11312
2081 7724 2942 -9300 -532 11208
2875 7544 2588 -10040 812 9820
2609 7443 1577 -11688 1236 9636
3325 5363 1026 -12296 2040 8936
3302 4084 1638 -13732 2148 9068
4169 333 1884 -15228 2244 9016
5695 -4356 2533 -15828 2616 9168
6826 -8812 2995 -14060 3596 9284
6614 -9897 1952 -10856 4904 9144
6327 -9249 657 -8952 5788 9304
6614 -8010 604 -8356 6328 9664
7067 -7746 1206 -8080 7180 9888
7261 -8396 1997 -8176 8904 9792
6345 -9657 3096 -6900 10812 9636
5225 -10194 4465 -5032 10616 9240
4197 -10437 5761 -3924 11732 9476
1898 -11420 5590 -1784 13280 9432
-2725 -9324 1750 1796 12448 8712
-4843 -5856 -407 2864 12852 9028
-5591 -2788 184 4568 11440 10044
-5309 503 3185 2888 9988 13060
-2934 1620 2713 236 12280 12316
-4149 978 2959 1312 12080 11980
-6416 2213 -1850 1720 8920 10344
-7437 4563 -4715 972 5928 13384
-5428 2829 -3613 -1080 7092 12736
-3302 3281 1398 -460 5280 12148
-180 5325 4456 -1440 4216 13092
3310 2549 699 -2392 5520 14544
4167 -259 -5687 -1900 7736 14048
4148 -510 -7097 -1268 10376 12116
2067 75 -4133 -2708 9108 11604
1486 -562 -1091 -2816 9876 11332
467 -1160 -80 -3192 10024 11524
-815 -1961 -665 -2304 10468 11476
-2051 -2387 -2155 -1716 9572 10860
-3109 -2574 -3560 -2144 9092 10508
-3320 -3215 -3449 -1796 8156 11060
-3110 -1993 -3049 -1712 7328 11636
-2981 -634 -1771 -2224 7216 12032
-3123 64 -494 -2508 7604 12996
