-786 86 139 392 5256 13856
-934 74 176 612 5020 14056
-938 86 138 624 4820 14196
-928 92 124 364 4712 13944
-820 80 132 372 4692 14152
-802 71 149 448 4844 14116
-814 119 149 448 5024 14176
-804 103 148 624 4660 13828
-854 144 120 420 4964 14152
-947 121 124 276 4976 14152
-911 77 145 548 4684 14240
-856 133 184 612 4924 14020
-886 103 199 452 4980 14144
-921 76 175 508 5016 14320
-1024 92 182 636 4920 14196
-737 93 169 864 4388 14332
-661 74 146 348 5340 14160
-887 67 157 440 5500 13932
-881 81 113 852 4652 14204
-871 110 116 416 4640 14148
-906 79 176 480 4936 14036
-887 127 169 600 4812 14040
-915 96 161 316 4976 14068
-872 143 169 508 4720 14168
-814 190 197 424 5028 13888
-967 41 96 552 5128 14328
-1174 34 282 -700 7712 14012
-1865 438 1460 2384 6196 13440
-1556 1128 3535 2648 4848 14824
-1178 1153 2014 -2128 1936 14868
-597 -262 -367 -1416 6444 15468
-2213 -3399 -1794 -8384 1632 25880
1127 -8070 -3243 -8444 -10968 29928
13077 -9925 -2354 -4824 -10048 26056
20982 -10633 -467 2140 128 17052
21271 -9256 1894 8116 11704 7916
16611 -5733 3092 12992 17368 656
9226 -464 4185 14844 21896 -5128
654 6107 4515 13312 25260 -7348
-11446 11671 4180 8860 26396 -6184
-26278 13363 2765 -204 20812 -1380
-32768 12534 -689 -6132 3724 8100
-31923 6435 -5858 -10240 -16964 19524
-17863 -1618 -11291 -10232 -22992 28504
-1450 -6033 -10216 -6352 -23764 25612
11603 -8728 -5162 -868 -17644 20780
22296 -7433 -1732 6776 -7376 12616
27158 -4328 1419 10768 3408 4676
27592 543 1911 9656 16052 612
20014 3690 3928 6732 31472 -2292
6994 6512 4016 7088 32767 -5708
-12142 7897 1163 1676 32140 -3056
-28524 6262 -3266 -2924 20080 1900
-32768 2911 -5859 -4888 2464 10500
-32768 -389 -7512 -3952 -13956 18464
-26870 -2801 -5904 -6916 -19732 27568
-15215 -5046 -2818 -3252 -28408 30560
3796 -6478 -538 -2576 -29020 28796
20564 -8304 945 2684 -14060 21660
28440 -8273 1176 5504 -1600 11960
30682 -6933 905 7160 12116 3660
25760 -4722 890 8584 23968 -2632
16335 -1288 834 10500 31248 -5504
-1889 3014 718 6360 32767 -5104
-23855 5449 -393 1500 22992 -520
-32768 4419 -1793 -2956 3240 6964
-32768 2149 -3563 -4340 -16848 18276
-25890 -233 -2527 -1424 -32768 29552
-1251 -2877 -1150 -2132 -32768 30360
20194 -3026 -743 4224 -23212 21940
30217 -803 191 6312 -5916 14128
32767 1246 176 5552 4000 8584
32767 1409 -447 3136 13328 2004
28927 1392 32 6928 26616 -4140
14691 2992 38 7736 32767 -9364
-8446 5048 -203 7084 32767 -10536
-31980 7238 -341 1648 32767 -9172
-32768 5587 -2474 -4152 9248 -1996
-32768 748 -4666 -2540 -14508 10644
-32768 -1177 -6768 -2008 -32768 25456
-13516 -3705 -5469 -4552 -32768 32767
7076 -5577 -2198 48 -32768 28592
25404 -2807 -542 5048 -27088 21228
32767 -664 672 6416 -12384 12216
32767 525 -28 4860 6540 2060
32767 -457 -515 3528 21504 -7136
30633 -1346 -825 5056 32767 -12328
8190 -654 -89 5012 32767 -12620
-21112 -368 -464 1260 32767 -11408
-32768 -1987 -1517 -1536 23856 -9364
-32768 -3809 -2636 -420 5632 -5812
-32768 -3350 -1161 3696 -18820 6700
-32768 -2291 1977 -1988 -32768 25348
-13077 -6642 6080 700 -32768 28076
12122 -3536 3904 9616 -31016 21884
25885 430 3542 5968 -19064 21612
32767 2267 1461 4464 -11896 13564
32767 2607 -1714 3608 5460 4664
32767 1185 -2962 3656 20656 -2604
28688 -1063 -3439 2964 32767 -7824
9155 -2568 -2721 6200 32767 -10388
-12324 -1771 145 6580 32767 -9956
-28760 2337 2765 2824 29720 -8320
-32768 3520 2814 1584 16232 -5460
-32768 4780 1370 -1120 -8816 5012
-32768 6175 912 540 -32768 23108
-21126 5320 -915 -7984 -32768 32767
8538 -1916 -1196 -2052 -32768 29320
26373 -1597 -1611 6624 -15560 18576
32404 1699 -1132 6420 -2576 13176
32767 3967 64 5868 7632 9372
32068 3269 762 2132 17808 3704
24959 -352 264 -1832 29536 -2092
11108 -3854 693 1148 32767 -6104
-190 -1758 -1251 5788 19852 -10148
-6000 -1630 474 364 23760 3156
-14568 -5606 4357 1628 18664 1912
-21213 -1697 3884 5784 17360 4712
-30186 2639 3655 2564 9360 14688
-32768 1468 -1728 -7132 -13040 29056
-27514 -5413 -3072 -7368 -32768 32767
-6160 -8907 -3702 3524 -32768 31076
13437 -6803 -4394 1804 -17296 24436
19954 -4467 -5459 11368 -3924 13544
22955 1257 -5633 11824 5568 6072
22176 5566 -5673 11624 12532 -1112
20190 9961 -841 9396 30600 -2696
15763 6622 2239 -4536 30192 -4384
6725 4835 -2838 7080 28944 -7976
-9007 10560 1730 2684 29900 -6828
-22612 6963 -3075 -4220 20548 3764
-31005 -586 -4005 -9216 2052 10824
-32397 -6812 -6030 -3912 -3792 17036
-32768 -5507 -2673 3540 -24032 26924
-21561 -4732 850 -760 -32768 32767
1725 -4535 2760 5120 -32768 27644
23339 -1438 2235 4660 -17760 18468
29007 1216 1858 5724 11528 7320
23426 4227 1651 6436 28028 128
12604 6171 1090 3532 32767 -4052
993 5149 341 1748 32767 -5472
-12031 3193 363 3668 32767 -5848
-25857 2636 819 3272 26932 -4024
-32768 2086 513 -1216 11036 24
-32768 597 -1191 -2452 -9600 6160
-32768 -1096 -3298 -6232 -32052 18416
-20860 -2940 -2824 -648 -32768 28592
2597 -3695 -2056 1800 -32768 26616
19959 -530 -970 4984 -24680 22556
30145 1185 386 3592 -17264 18720
32767 1235 817 1996 -16156 11908
32767 151 92 1916 -4104 5148
32767 -1571 -1086 -1332 9016 -1304
32767 -4716 -1373 -840 32767 -4584
12436 -5844 -751 1980 32767 -3288
-6204 -4040 859 4644 32767 -2756
-20041 -1029 2966 5784 30092 -2560
-31254 2164 4907 4804 23864 -2104
-32768 4508 6631 2536 17708 -2388
-32768 5926 7293 -1408 2128 -1420
-32768 5376 5825 -2656 -11040 2628
-32768 2891 3107 -352 -22636 12120
-26548 694 -1380 772 -28000 20172
-10960 -2099 -3724 -1512 -25096 18292
-3316 -2567 -3163 1124 -16420 17236
389 -952 -715 2956 -16596 19480
9305 295 1655 4640 -25236 22836
25551 658 1598 3636 -27692 20780
32767 -143 -335 1528 -16368 9608
32767 20 -2097 3704 2712 6824
32767 1928 -2179 4368 9016 4456
32767 3553 -1673 3048 17248 2312
23989 3119 -1876 1580 22048 2360
12811 1612 -1317 656 27508 2808
73 1310 115 996 29348 3464
-13573 2623 1175 2396 28452 2756
-26833 4504 3067 1700 24744 580
-32768 6514 5108 -144 19032 -1608
-32768 8143 7012 -2348 7636 -3468
-32768 7389 5732 -3860 -12404 4804
-32768 4017 -2422 3408 -32768 18372
-17473 415 -7124 -4928 -32204 17728
-5470 -4946 -8841 -7024 -20332 16676
-2715 -4771 -6247 392 -13004 18096
1022 -3402 -2333 732 -17704 19800
10986 -1610 451 2912 -21956 22344
24649 -1347 1173 952 -21524 17848
32767 -937 1316 2720 -12660 13088
32767 342 418 2792 -6120 9220
32767 819 -863 2872 1436 6864
32767 1964 -1489 2064 11788 4384
29568 950 -2231 -92 17708 3240
20800 -1228 -1710 -148 25180 2372
8993 -1769 -1568 1260 29764 2028
-3624 -1004 -213 1968 29968 1660
-15694 399 1249 2300 26400 1204
-25686 1726 2383 1560 20504 876
-32768 2947 2920 1244 14948 1364
-32768 4165 3355 -192 6628 2464
-32768 4821 2924 -532 -1892 3700
-32768 3883 1549 -2080 -10304 7216
-32612 2664 -1344 1272 -20984 15140
-19901 1107 -3609 -2680 -28740 19880
-5574 -2060 -4942 -4604 -25988 20048
2739 -3449 -3578 1280 -19376 18716
9599 -1549 -327 676 -15344 21456
16426 -1478 1235 1012 -14308 20692
24344 -2079 627 -48 -13336 18028
31138 -3280 -13 -432 -7956 14060
32767 -3266 -1065 1060 -816 11256
32441 -3249 -1485 1344 3584 8980
31040 -3629 -1325 320 8656 5856
26363 -4166 -827 2312 16700 4360
18048 -3969 -211 3776 23444 3496
7104 -2751 553 4720 28636 2624
-5320 -637 1370 5620 29972 1912
-17641 1525 2129 3952 26788 1224
-27471 2754 2435 1920 19736 1192
-32768 2773 1792 -72 11360 2468
-32768 1248 -304 428 -1768 6068
-32768 -1912 -3486 -1264 -12576 11632
-26471 -5414 -5281 -1924 -16544 15368
-17346 -7493 -5903 812 -18312 18072
-7475 -7085 -4187 4348 -20092 20844
2709 -6609 -1203 3632 -21496 21776
13890 -3758 1738 9528 -20348 20840
25531 -638 2918 7984 -16400 17724
32767 1656 2088 7048 -9284 13000
32767 3395 95 5360 -1012 8396
32767 4417 -1691 5284 8920 4132
32767 5546 -3267 5244 20252 2040
23287 5604 -2880 3196 25752 1480
11852 4917 -2344 1476 28420 1044
492 4476 -1375 1496 28712 1192
-10255 4053 314 1232 27220 1252
-20998 4101 2339 116 25340 632
-31889 3925 3406 -2032 20976 952
-32768 2357 2459 -3640 8844 1608
-32768 -547 799 -3780 -3572 5272
-32768 -4402 -3743 -272 -18480 14564
-20542 -10615 -8130 -3680 -26384 20364
-4586 -15641 -10066 -644 -22336 20300
5449 -15308 -7021 6424 -12272 21040
11449 -10545 -2311 10620 -11720 17996
17628 -3843 2470 15756 -10432 16044
24124 1905 4466 14860 -3284 11756
26633 6056 3957 13372 7348 7748
22911 9575 2234 11240 16912 6276
13916 11244 -276 5108 22040 6648
4373 9352 -2692 640 22704 7656
-4340 6505 -3820 -788 22792 6880
-12633 4410 -3080 560 23776 5668
-22076 3759 -1247 348 20004 3700
-30106 3758 1001 112 11636 4064
-32768 3402 1890 -1728 2024 5072
-32768 2532 1469 -96 -10812 10316
-26854 653 83 -1260 -24324 17424
-12148 -1659 -1156 -1700 -29028 20744
2492 -2761 -1307 -1164 -24768 20676
12254 -2731 -672 1388 -16668 20704
19445 -2453 -873 3084 -14716 20348
27216 -2574 -1597 580 -12740 16836
32767 -3479 -2110 940 -3284 12724
32767 -3233 -1835 2628 5728 8564
31044 -2130 -1372 5616 13652 5520
25812 -1289 -1170 2068 17532 3132
17595 -2305 -1183 3744 23976 1972
7354 -2124 -141 6736 28444 1772
-3810 -467 1064 5436 27988 1644
-13487 906 1933 4724 24528 1976
-21695 1246 2675 2636 21524 2112
-28771 2581 4573 3728 15816 1976
-32768 4751 4651 3008 7292 4332
-32768 5841 3416 -2092 -7632 8840
-31332 1879 918 -1028 -23608 17992
-18954 -2297 -1676 -1784 -28064 24416
-4600 -4559 -4169 1384 -30016 21752
11041 -4260 -3390 2580 -21200 21772
21118 -4197 -2269 2600 -10616 20780
27153 -3398 -1802 4600 -4924 15584
30996 -2052 -1785 5192 72 10900
31680 -1150 -1977 4612 7760 6652
28690 -261 -1938 7436 13732 2420
23734 1350 -1023 8488 19840 60
16089 2391 930 5216 24636 2588
3409 843 -344 2292 29484 2208
-5527 3197 152 6972 24648 -940
-13190 5135 1457 3492 24100 -312
-22459 5599 1188 820 21176 760
-30837 5212 803 1040 14488 2536
-32768 4176 -839 -88 -524 7164
-32768 1739 -1140 -212 -12012 12236
-27624 995 94 1688 -19320 18080
-14930 830 831 -220 -22048 22752
-2776 -274 1539 -52 -20164 22848
7120 239 2526 2688 -14648 23872
14143 -458 1571 1568 -14244 23056
22768 -2310 -519 1104 -12340 20360
29667 -4349 -2903 408 -5344 15872
32635 -5694 -4057 472 3044 10820
31339 -6342 -4240 2436 9692 6180
27582 -6170 -4010 3780 14648 2760
21082 -5180 -3408 6804 20096 1112
13201 -3307 -2866 7652 24044 76
4541 -1510 -2162 6752 24652 36
-4831 1409 148 5328 25128 864
-13628 3336 1752 2632 23280 760
-22689 3505 2546 1212 18940 1740
-29345 2992 2863 800 14084 2832
-32768 2775 3329 436 8904 3832
-32768 2454 3973 160 -112 6736
-32768 1401 4475 -404 -7876 11172
-26333 812 4517 2700 -15704 14236
-17281 1204 3781 2544 -15408 17276
-10781 1039 2612 1948 -14024 20224
-3918 311 2070 -36 -12720 22460
2147 -864 1473 1120 -11540 23116
8509 -1721 30 1640 -11520 22408
15028 -2740 -1632 3360 -9792 20788
20419 -3327 -2927 3232 -8024 18320
24476 -4139 -3825 2536 -4188 15412
27044 -5244 -4797 1712 -696 11400
27487 -6506 -5463 1004 5756 7820
24762 -7241 -4901 3624 11212 5808
20883 -6390 -3587 5948 14644 3684
15761 -4031 -2139 8308 18396 2364
8964 -1553 -1379 8564 20024 784
2181 794 -611 8084 21416 1024
-5405 4039 949 6504 21176 1384
-12054 6145 2018 4704 19308 1812
-18187 7670 2731 3076 17192 2484
-23797 8109 3465 1060 13692 4060
-27532 7809 4038 8 8564 5996
-29195 7700 4510 556 3316 9160
-27993 6707 3194 -1312 -3440 12108
-25141 4547 628 -964 -8152 16108
-20674 2176 -1033 -1736 -11644 19772
-14252 -464 -1548 -2160 -12616 21732
-7690 -1969 -298 668 -13744 22300
-1473 -2060 926 2068 -14044 23088
5989 -2132 782 3088 -14764 23384
14688 -2704 -434 2604 -14536 20952
22372 -3268 -1732 4092 -9132 17820
27054 -3060 -2715 4256 -4308 13848
29687 -2661 -3802 3552 580 10072
30275 -3443 -5106 1888 5568 6076
28652 -3631 -5323 2784 12364 2452
22419 -3452 -4313 3688 19624 1432
13122 -2892 -3173 2516 20940 828
4843 -1496 -438 3284 21804 2872
-2747 846 3344 1912 20608 2680
-8576 2305 6273 3216 19200 3408
-11452 1847 5487 2480 16356 4604
-14242 2653 6025 3344 15916 4528
-17592 4039 4218 3176 10532 6028
-18592 3477 3048 2368 6592 9376
-19026 3255 1408 3460 4132 10452
-20912 2974 163 3668 6292 12248
-23680 3228 -338 3720 3364 12804
-22274 2335 415 684 -4204 16524
-17980 1590 838 3808 -5956 18124
-14371 2481 610 3500 -9472 20776
-7806 2012 546 1104 -15736 23864
2573 1046 749 1544 -19072 24536
14256 3 466 2264 -15676 22124
22110 -910 19 3168 -7268 16912
26038 -1221 -415 3068 388 12028
26158 -1593 -797 2900 6972 8372
24133 -1578 -1132 3388 11440 5212
19831 -982 -1459 3540 17220 2672
13125 -569 -1708 3656 21100 1408
5038 173 -1580 3976 23648 940
-4893 1278 -716 4256 25120 1956
-15304 2537 380 4164 23132 2688
-24058 3736 1673 3136 18228 3700
-29443 4275 2148 2280 10772 5168
-31832 4260 1418 -184 1068 9584
-28565 2779 702 -1400 -8172 14504
-21342 1794 657 928 -13484 18912
-11996 1544 502 -560 -19628 22552
109 -19 641 -156 -20672 23480
11029 -1577 704 -160 -17464 23756
21025 -3114 541 -372 -14068 20072
29321 -4598 108 -100 -6764 15148
32767 -5330 194 976 2392 9384
32189 -4947 989 5792 12624 3872
24591 -2649 1421 7820 23744 960
12477 -360 937 8008 29220 176
-551 1576 358 5712 28880 192
-11401 2666 410 3460 25552 704
-20136 2617 256 2296 21560 1572
-27710 2250 -702 1824 17236 3152
-32768 2534 -1751 2680 11964 4020
-32768 3133 -1987 1060 -1100 8432
-32768 670 -807 -2468 -14144 13112
-25156 -1279 552 1736 -22928 18096
-10019 -2263 1360 1220 -25648 23220
4924 -3681 2065 1260 -23448 22688
17404 -3562 2363 2504 -17888 20964
27017 -2996 1964 3344 -13108 18360
32767 -3005 1177 1540 -7880 12188
32767 -3317 1010 3412 1116 6092
32767 -1173 1708 8404 13004 552
29499 1264 1346 8280 27096 -188
14681 2055 595 7292 32767 -252
370 3012 616 4448 30440 148
-10233 2785 586 3136 25308 996
-17732 1793 -24 2480 22352 1840
-26231 1176 -886 2964 21556 2516
-32768 1570 -1627 3608 16040 2696
-32768 2012 -2603 1904 6088 3712
-32768 1097 -2256 -164 -2592 4668
-32768 -328 -1911 1260 -13640 8488
-30988 -862 -1947 3140 -23484 15928
-18251 -2921 -1709 -2636 -26532 21160
-4715 -6115 -808 528 -25224 21752
6226 -6095 -86 5512 -18168 20548
13804 -5107 -347 5400 -13616 20012
20957 -5078 -1048 4072 -13264 19908
29309 -4541 -1231 4812 -11756 15248
32767 -2889 -1712 7064 -4808 10456
32767 -1261 -2410 7660 2204 7312
32767 1084 -2770 8824 8364 4948
28380 2968 -2510 8456 15872 3260
20473 4203 -1880 7900 19812 2996
12676 5091 -1267 5908 21260 2940
5740 5399 -557 3968 21520 2536
-659 5101 -231 2100 21496 2708
-6801 4566 -38 1120 21432 2992
-16091 2842 248 1000 19644 3100
-22967 1984 230 2028 17640 3752
-29442 1719 224 2640 13556 3084
-32768 2146 425 2496 8008 4804
-32768 2599 937 2176 1196 5720
-32768 2840 1256 1408 -6260 9864
-30453 2378 1331 168 -13356 14204
-21882 1632 791 -48 -18100 17564
-12126 627 375 -8 -19540 20980
-3014 -308 717 208 -19976 22284
5689 -970 1187 916 -17460 22732
13756 -2148 763 1512 -14624 21872
20401 -2918 -982 1660 -12232 19340
26045 -3352 -2204 1824 -8396 16460
29972 -3473 -2945 2236 -4340 12320
31364 -3923 -3485 2048 1424 9796
30113 -4045 -3139 3188 6140 6976
27103 -3100 -2074 5328 12508 4328
20943 -1813 -1197 6368 18696 2912
12924 -113 -668 6276 22620 2224
4307 1439 -148 5628 23724 1868
-4124 2577 421 3768 23076 2208
-12059 2853 608 2644 21344 2544
-19849 2785 613 2792 19188 2620
-27006 3267 317 3092 15568 3156
-32248 3797 -179 2000 10432 3776
-32768 3781 -375 1164 4028 4668
-32768 3590 601 1224 -1924 7932
-32740 3303 2089 -236 -12116 13444
-23770 2026 2972 -208 -19476 17172
-13029 468 2151 448 -20400 19848
-3647 -997 907 -424 -19452 22892
4065 -2460 549 76 -14716 23112
9855 -3198 339 1292 -11576 22316
15293 -3686 -534 2740 -10120 20288
21468 -3818 -1968 1840 -11028 18368
27033 -5103 -3285 1560 -6016 13900
28253 -5418 -3513 3784 1580 10764
26121 -4731 -3058 5040 6060 7788
23263 -3539 -2054 6072 10544 5796
18378 -2195 -1690 6092 15256 4904
12093 -713 -1027 5744 18772 4452
5559 567 -508 5252 20292 4148
-1755 1697 234 5112 20848 4164
-8947 2445 280 4020 19892 4624
-15618 2760 57 3724 17776 4892
-22103 3286 -14 3480 15080 4916
-27394 3710 -105 2528 10648 5216
-30966 3613 47 1724 4972 6548
-31721 2896 699 900 -1284 9380
-29307 2176 1502 1004 -8176 12656
-22865 1911 2207 1376 -14900 16312
-14568 1747 2469 844 -17404 18860
-6621 367 1880 40 -17756 20748
520 -1343 1326 -72 -16608 22844
8019 -2666 894 1124 -16044 22456
15919 -3566 -49 1508 -14588 21540
23499 -4163 -1211 2248 -10452 18168
27857 -3865 -2011 3556 -4064 14360
28954 -3174 -2466 3252 896 11316
27832 -2979 -2525 4104 6020 8048
24630 -2534 -2537 4784 10672 5992
19934 -1639 -2140 6016 15440 4388
13298 -86 -1442 6128 19376 3488
5390 1402 -768 5532 21340 3148
-1875 3020 12 4372 20940 3180
-9044 3916 672 3528 19660 3324
-16035 4448 921 2532 17756 3488
-22470 4716 1097 1656 15804 3428
-28600 4774 1111 1100 12200 3920
-32768 4391 878 -164 6160 5060
-32768 3498 944 -168 -1844 8764
-31708 1941 1218 -636 -12700 14120
-21970 554 856 36 -21172 18728
-10468 -917 53 -972 -21448 21472
-1056 -2473 53 252 -17548 22960
4882 -2974 603 2544 -12608 22468
9239 -2867 504 2568 -8880 21440
13463 -3187 -441 3760 -8396 20600
18769 -3363 -1294 2512 -9064 18548
23708 -3720 -2483 3364 -4964 15600
25485 -3464 -2970 4548 -968 12872
26067 -2923 -3108 4424 1140 10268
25914 -2386 -2899 4968 5916 7400
22672 -1508 -2511 5688 12828 5412
16916 -275 -1941 5536 17344 4572
10751 1100 -1164 4704 19316 3528
3767 2257 -387 4156 20460 2956
-3276 3107 12 3084 20304 2820
-9678 3577 686 2092 19276 3044
-15853 3192 1002 1644 17808 3100
-21587 3026 1290 1692 15448 3704
-27033 2978 1309 1444 11116 4556
-30888 2938 1408 804 5968 6308
-32064 2837 1754 12 -1376 9500
-29682 2186 1961 -852 -8744 13392
-23569 364 2284 -1336 -14536 16920
-15802 -1554 2448 -980 -16924 19656
-7307 -3084 2164 -512 -16844 22472
489 -4189 1411 3360 -13248 22816
5857 -3640 761 4556 -9696 22168
10162 -3380 -757 5456 -8360 21344
15330 -3053 -2009 4500 -9624 20108
20528 -3220 -3120 5484 -8280 17176
25034 -2910 -4164 4984 -5684 14100
27797 -2583 -4582 4980 -1288 10624
28168 -1708 -4204 5084 3596 7996
26324 -511 -3410 5920 10180 5372
21007 1233 -2548 5384 17188 3588
13599 2488 -1564 4076 21460 2860
5882 3517 -742 3160 21864 2100
-2299 3856 232 1916 21276 1792
-9350 3527 633 996 20252 2308
-15899 2948 776 1820 19088 2816
-23446 3519 1505 3868 17336 3444
-30460 5242 1964 3936 12940 3956
-32768 7056 2276 1308 4244 6148
-32768 7306 2220 -1192 -4160 9632
-29052 5582 1850 -2340 -11860 14560
-20139 2907 475 -1268 -17800 19820
-9829 703 -667 -3400 -19780 22464
-320 -1291 -693 -1852 -15272 23428
5410 -2165 584 760 -10324 22664
9732 -1965 1542 1676 -6540 20944
15048 -1766 1751 2096 -6968 19312
20845 -2260 293 1288 -8804 17892
26133 -3343 -1457 728 -5016 14152
28619 -4487 -2660 4 224 10996
28223 -5557 -2239 2048 8696 6908
23381 -4986 -1315 4360 14524 4288
17011 -3657 -631 5324 19224 2776
9605 -2290 21 5476 21532 1864
1742 -368 579 5264 22768 1292
-5969 780 966 4956 21564 1328
-13575 2299 1407 4244 20292 1684
-20543 3140 1542 3660 17852 2124
-26863 3930 1536 3528 14160 3312
-31665 5035 1757 2896 8988 4924
-32768 5473 1702 804 1484 7792
-32527 5034 2206 -624 -4480 10908
-28447 4489 2182 452 -11468 14928
-20694 3459 1399 -1292 -17748 19352
-10562 1211 601 -2232 -18936 21756
-2601 -561 629 -2076 -16400 23340
3168 -2094 810 -680 -14940 23740
9742 -3203 261 284 -13496 23204
17047 -4290 -1048 920 -11716 21160
23507 -4962 -2725 804 -10044 18228
28216 -5589 -3765 1300 -4844 14340
30615 -5365 -3998 2208 -1440 11140
31019 -4821 -3673 3876 4856 7048
28154 -3904 -3017 4628 11868 4328
22302 -2832 -2162 5148 17260 2176
15449 -1417 -1218 5184 21856 1152
6739 317 -78 5004 24108 332
-1340 1704 821 4180 23960 196
-9238 2671 1459 3456 21788 452
-16371 3318 1690 2884 19416 1228
-22544 3933 1731 2600 16352 2032
-28116 4492 1329 1916 11892 3292
-31535 5057 747 2300 5464 5596
-31765 6047 696 2284 -1428 7672
-29925 6418 723 -516 -5232 11620
-24342 5208 599 -1828 -12788 16984
-15492 3190 -594 -2056 -16168 20300
-6950 34 -1080 -3672 -15696 21804
-690 -2190 -1217 -392 -11316 23480
4032 -2480 -435 532 -9520 23328
8809 -2846 255 1452 -9600 22936
14111 -2965 -188 1796 -9552 21484
20115 -3683 -1612 1324 -8620 18968
24658 -4038 -2393 3072 -3948 15676
26601 -3632 -2189 3936 872 12076
26538 -3037 -1695 4820 5844 8828
24110 -2373 -1153 4708 11236 6176
19625 -1923 -873 4412 15272 4668
14460 -1215 -876 3900 17036 3532
9135 -562 -841 3632 19044 2496
2333 -4 -670 3284 21040 1988
-4849 520 -462 3048 21184 1748
-12231 1029 -382 2720 20248 1568
-19329 1498 -424 2064 18652 2052
-25900 1841 -398 2016 16220 2852
-31942 2144 -172 1392 10832 4016
-32768 2608 594 940 3972 5936
-32768 2708 2086 -752 -4496 11360
-27298 1565 3331 756 -12652 14876
-18510 2029 3613 2056 -15416 18584
-10470 1061 2957 812 -16140 21180
-1881 744 2470 1284 -16976 23808
6348 -382 2001 624 -14732 24088
12873 -1194 937 1704 -13740 23876
20749 -2117 -344 1184 -12748 21324
28193 -2441 -868 2128 -8224 16644
32767 -2469 -973 1656 -2412 11952
32767 -2056 -733 3272 7064 7688
28658 -1634 -560 3612 13912 5188
22220 -1229 -799 3076 17408 3324
15063 -1265 -1064 3120 19704 2132
8067 -1238 -752 2660 20860 1772
1227 -1369 -478 2652 20944 956
-5139 -1284 -137 2960 19952 1192
-11066 -623 1 3200 19136 1344
-16396 414 770 3344 17076 2304
-21966 1771 1354 3388 14984 3728
-26492 3179 1757 2804 11556 5336
-30045 4043 1899 1636 6884 6888
-31159 4154 2446 568 712 9916
-29197 3680 3310 -292 -4140 12328
-25797 3356 4298 476 -8352 15260
-19926 3381 4504 656 -13796 18548
-12694 2516 3968 -472 -15012 21216
-5834 1588 2998 848 -14532 23396
1207 950 1565 -784 -14540 24028
8168 -969 404 -604 -12504 23080
13863 -2041 -542 1352 -10036 21496
19101 -2807 -1823 1460 -8628 18572
23114 -3686 -2820 1152 -5656 16004
26293 -4434 -3814 800 -3120 12880
28159 -5314 -3976 764 1400 9008
26998 -5993 -3574 2108 7908 6024
23046 -6003 -2773 3284 12880 4120
17234 -5476 -1804 4736 18068 2616
10691 -4010 -791 5112 20896 2236
3154 -2125 97 5524 22344 1368
-3952 -146 786 4812 21924 1364
-10502 1559 1358 4152 19784 1804
-16450 2913 1839 3352 17744 2620
-22118 3790 2080 2728 15712 3492
-27946 4895 2054 2380 12724 4776
-32696 5977 2386 1264 7732 5084
-32768 5596 2595 -1212 620 7852
-32716 3797 3059 -968 -8016 12156
-26271 2855 2972 1948 -16536 16960
-18027 2211 2361 456 -20660 21516
-7836 1146 1868 -780 -22112 24204
2472 93 1156 -24 -21028 24824
10732 -1222 88 148 -15016 23416
16211 -2050 -1198 1600 -9460 20952
20149 -2925 -2355 2084 -6120 18404
22764 -3771 -3296 1520 -3548 15688
24549 -4643 -3892 1640 -768 12520
25208 -4750 -3755 3320 2888 9452
24266 -4149 -3310 3564 6564 7600
22176 -3476 -2741 4076 10176 5196
18667 -2306 -1948 5048 14608 4352
13703 -1001 -1042 4896 17876 3656
7865 1130 -183 4624 19768 2492
1514 2919 408 3748 20276 2556
-5051 4032 879 2980 19900 2284
-11464 4574 1274 2820 19592 2352
-18589 5329 1549 2360 19296 3084
-26379 6044 1720 1884 17760 3220
-32768 6671 2127 944 12124 3412
-32768 6815 2595 492 4740 4876
-32768 6587 3217 -1720 -5740 9716
-32768 4427 3555 -2872 -17664 15148
-22691 3110 2784 956 -24764 21492
-11847 1250 780 -2200 -25676 23472
1247 619 -57 -2724 -23068 23168
9615 -939 503 -2636 -15724 22728
15957 -2356 -42 -1156 -11612 20632
21752 -3463 -1456 -584 -12528 18708
28227 -5866 -2855 -1936 -9164 14128
30826 -7044 -3546 452 272 9600
29135 -7193 -3357 840 6600 6804
24903 -7108 -2691 1868 11972 4932
19684 -6878 -1878 3036 16092 3644
13294 -6142 -807 4700 19396 3208
4072 -3501 628 5768 21816 2792
-3011 -1099 1524 5912 21096 2688
-8941 1488 2313 6088 19412 2808
-14005 4034 3658 5540 17420 2968
-18824 6279 4516 5104 15984 3092
-24285 7968 5021 3548 14692 3028
-30368 8928 5111 1676 11872 2584
-32768 9063 4612 -96 5720 4524
-32768 7925 2854 -1808 -4728 9588
-30475 4787 -30 -812 -16728 15044
-20624 2023 -3972 -2272 -19816 19564
-12459 -1301 -5495 -3320 -20512 22072
-4864 -3765 -4190 -1912 -21104 24164
3334 -4830 -2414 -500 -20616 23960
11952 -5386 -1796 1164 -18240 22568
19241 -6213 -1758 2204 -12284 19412
23876 -5723 -2298 4532 -7796 16296
26793 -5083 -3157 3228 -4468 14136
28528 -5045 -4018 3084 -1496 11340
28519 -4454 -4307 4000 3924 7960
25813 -3451 -3897 5432 10232 6272
20657 -1932 -3056 5140 14452 4752
15299 -845 -2156 4580 16452 3652
9524 197 -1568 4644 18660 2856
3707 1302 -738 3836 20216 2472
-2086 2180 125 3428 20372 2288
-7965 3001 1023 2820 19212 2108
-13554 3740 2084 3092 17632 3172
-18784 4357 3064 3044 15020 3832
-24048 5110 4174 1880 11052 5036
-26651 5361 4561 688 3876 7544
-26272 4694 4351 -200 -3936 11852
-20360 4055 3833 -104 -10908 16568
-12671 3038 3251 -168 -10288 18624
-8098 2346 3141 840 -5776 19436
-7125 2200 2967 1508 -2160 20036
-7214 1131 2376 392 -4096 21744
-4522 -217 1233 1148 -8464 22800
999 -1958 -585 1568 -12692 23368
8643 -3991 -2377 1344 -14804 22740
16278 -5534 -3659 2340 -11236 20004
21257 -6257 -4437 3236 -7464 17372
25694 -6563 -4670 2852 -4416 13448
27717 -6273 -4456 3644 1572 10004
27376 -5234 -3938 4688 8468 6704
23353 -3881 -3144 4748 14644 5360
17927 -2372 -2364 5008 17896 3228
11944 -701 -1698 4980 20364 1620
4811 869 -860 4744 21724 820
-2768 1834 -235 3948 21984 280
-10152 2685 372 3436 21200 772
-17196 3095 912 2644 19872 1404
-23733 3379 1563 2252 17360 1980
-29279 3890 2294 2004 14664 2136
-32768 4591 2697 1404 9860 2600
-32768 4784 2613 372 1668 4328
-32768 4269 2732 -168 -5428 8608
-31807 2577 1636 -384 -18792 16292
-18983 370 487 -388 -26176 21340
-5843 -1541 -298 -2120 -24196 23072
3182 -3626 149 428 -17216 23256
8783 -3500 515 2960 -12724 22876
14657 -3230 355 4372 -11080 21192
21062 -3238 -1245 3512 -11132 18504
26996 -3904 -2881 3416 -8692 15140
30822 -4264 -3777 3660 -4604 11612
31682 -3907 -3564 5432 1808 7512
29268 -2466 -2973 6480 9500 4876
23923 -1316 -2090 5688 16920 3644
16178 -377 -1228 5672 21424 2692
8436 758 -339 5584 23468 1712
-677 1891 339 4272 23200 1584
-8180 2722 1062 3176 21912 1888
-15271 2818 1830 2912 20196 2000
-21940 3255 2359 2480 17856 1908
-28346 3615 2626 2284 14132 2492
-32768 3995 2680 2096 8736 3060
-32768 4487 2803 2212 1020 5416
-32768 5209 2996 1408 -7784 9916
-28922 3854 2520 -592 -20028 17344
-15890 859 1348 -1376 -23000 21624
-6057 -1190 918 -704 -18528 22556
874 -2363 938 1068 -11632 22044
3917 -2417 418 2928 -8040 21112
6876 -2645 -571 2340 -8788 20028
11288 -3257 -1291 3876 -11128 19948
17381 -2574 -2246 5188 -11260 17284
22418 -1863 -2443 5016 -8464 14732
26343 -1429 -2604 4116 -6208 12188
29395 -1373 -3161 3552 -2088 9100
30038 -1281 -3389 3364 3988 6340
27226 -1100 -3059 4212 10892 4620
21632 -664 -2333 3780 17380 3792
13879 -81 -1600 4084 21136 3136
5574 742 -717 4008 23388 2564
-3076 1411 137 3416 23240 2536
-11242 1842 847 3072 21260 2652
-18287 2187 1393 2912 18892 2600
-24570 2727 1904 2876 15748 2956
-29996 3556 2252 2596 12200 3228
-32768 4449 2450 2032 6772 4032
-32768 5050 2267 1388 -108 6124
-32768 4565 1407 -588 -12264 11844
-27462 2294 685 -412 -18740 17732
-16944 354 509 -856 -23116 20724
-6490 -1637 188 -2780 -21568 21636
628 -3245 413 1720 -15624 21596
4133 -2780 490 3004 -10592 20764
7615 -2678 47 3304 -10476 20104
14068 -3147 -1231 2836 -13844 19420
20497 -3637 -2355 3376 -11732 16700
24735 -3030 -2732 4304 -7076 15084
27423 -3067 -3350 1856 -6064 12240
29912 -3911 -3596 2120 -1020 9512
29772 -3660 -3141 3972 4064 7236
26997 -2675 -2174 4944 11324 5176
21488 -1407 -1440 5348 16764 3948
14084 -26 -776 6112 20892 2996
6023 1477 12 5864 23456 2704
-2821 2562 686 5116 23316 2640
-11084 3986 1323 5064 21872 2880
-18823 4910 1622 3936 19412 2824
-25320 6121 2047 2984 15932 2804
-30846 6988 2679 1408 10672 2860
-32768 7775 2782 608 5660 4856
-32768 7487 1796 604 -4252 9288
-28736 5384 257 -1728 -14820 14528
-19305 2236 -696 -1256 -18276 17668
-10983 633 -1070 -1520 -15988 19864
-5810 -958 -929 -1384 -14280 20544
-976 -2200 -369 -528 -13848 21416
4631 -2989 -216 412 -12596 21632
10730 -3434 -663 1844 -11620 20452
16138 -3821 -1510 2068 -10900 19076
21801 -4025 -2295 3000 -7972 15936
24906 -3587 -2828 3684 -2900 12920
25842 -3248 -3571 2108 -1624 11584
26884 -4050 -3514 1948 1628 8632
26275 -3987 -3067 3512 7252 6636
23392 -3563 -2281 4368 12332 5172
18860 -1677 -1630 4492 18180 3944
12269 64 -850 4984 22088 2944
4345 1648 -106 4508 23664 2336
-3882 2900 741 3592 23216 2472
-11442 3808 1548 2804 20944 2732
-17980 4083 2602 1936 18528 3244
-24931 4050 3019 1264 14016 3552
-31688 4038 3139 1096 9208 4004
-32768 4001 2691 932 2560 5588
-32768 3748 2014 20 -6212 10576
-29062 1478 679 -172 -16416 15660
-19217 -564 -312 160 -21936 19744
-8836 -2014 -499 668 -20492 22084
-951 -2262 549 1536 -16944 22516
5333 -2060 1348 2396 -12936 22048
9781 -1842 1001 3060 -10068 21144
14152 -1946 -637 2608 -9212 19856
17775 -1985 -1820 3820 -7320 18208
20653 -1431 -2382 3960 -6312 16084
23195 -746 -2635 4760 -3652 13756
24710 -129 -3119 3472 -936 11040
25284 -483 -3469 2144 3212 8820
24164 -738 -3338 2400 8332 6552
20875 -852 -2908 1816 12480 5604
16891 -833 -2243 1376 15512 4300
11306 -701 -1355 2240 18456 3684
4742 -472 -767 1960 20812 3224
-2372 -155 353 2560 21756 3188
-9980 418 1209 2720 20632 3544
-16364 1042 1838 2396 17700 4072
-21250 1472 2215 2084 13636 5008
-24086 1707 2200 2260 7900 7364
-24830 1968 1989 2344 3332 9068
-24288 2637 1522 2972 -172 12524
-21984 2476 1088 1244 -6084 16204
-16177 1278 395 -480 -11480 19092
-9286 -764 -25 376 -12144 21580
-2151 -691 878 2964 -9860 22584
3133 -46 1709 2548 -9944 23372
10166 -622 1057 1300 -10852 22104
17581 -2200 -743 1432 -9116 19800
23256 -3269 -1994 2280 -6104 16624
26117 -3501 -2349 4260 1316 12136
25349 -2593 -2398 4904 7572 8776
22344 -1869 -2288 4088 12304 6252
17934 -1558 -2017 4052 16124 3944
12755 -1065 -1671 3976 18716 2820
6016 -543 -1145 3712 20844 1548
-683 127 -656 3156 20752 1776
-6794 890 76 3296 19580 1584
-11786 1720 927 2876 18576 2212
-17269 2760 2042 3300 17668 2796
-22729 3892 2923 3080 15300 3124
-27403 4831 3306 1912 11060 4404
-31039 5650 3369 1572 6164 5944
-32308 6326 3035 -36 -568 9044
-30212 5260 3458 -3308 -7136 12800
-25600 3698 3704 -1476 -13004 18124
-18286 2373 3521 -1508 -18648 21768
-9974 591 2879 -3032 -19884 23516
-2177 -2425 1308 -3220 -18880 23628
5426 -4904 -693 244 -14780 23148
11650 -5394 -1523 2856 -9856 21340
16124 -4825 -1947 4312 -9476 19780
20994 -3890 -2453 4424 -8580 17508
25421 -3251 -3063 4532 -6720 14680
28885 -2082 -3332 5028 -2036 10620
29033 -887 -3390 4856 4796 7420
26380 -167 -3312 3488 12048 4872
20617 -286 -3082 2852 16272 3096
14130 145 -2901 1268 18444 2824
8394 677 -1563 4056 20328 648
1449 2426 -534 2000 22916 836
-6028 3471 485 1356 22344 512
-13341 3379 1588 -452 20692 1044
-20074 2084 1907 -8 16172 2440
-24329 860 1778 -408 10828 5604
-26900 -91 518 1184 3944 9816
-25556 -444 -641 1164 -3156 13940
-20156 -1249 -260 592 -8996 17712
-13396 -1822 1098 2752 -9168 20164
-8906 -1812 2046 2220 -7188 22040
-4275 -1564 2053 2924 -6644 21624
-114 -1662 1581 3024 -4924 21956
3403 -1773 554 3304 -5160 21912
7570 -1800 -353 3776 -4904 20524
11757 -1953 -1424 3888 -4204 18844
15441 -1818 -2250 4388 -1304 16124
17635 -1234 -2579 4528 2808 12608
17890 -517 -2769 4460 6756 9100
15999 138 -2564 4112 10428 6460
13202 739 -2983 2844 13280 4444
9589 606 -2775 1900 16196 3392
4951 615 -2060 1800 18844 2780
-751 788 -1267 1612 19868 2156
-7058 1157 234 1708 19776 2432
-13533 1407 1093 1420 18348 3632
-19838 1417 1462 1300 14936 5580
-24368 1362 1360 1340 8452 8356
-26376 1452 1283 1860 2188 10988
-26310 1963 1216 2032 -1436 12960
-25723 2418 1867 1052 -3304 14000
-25498 3775 3383 3388 -4692 15384
-22224 4860 3713 -36 -11296 18416
-15841 2462 3309 -1428 -12912 20312
-9301 886 2816 156 -13136 21576
-1091 -1386 1065 124 -15256 22108
8392 -2699 -26 716 -15720 21580
16013 -3178 -698 1488 -14004 19896
22818 -2941 -1140 3220 -9176 15608
26439 -1759 -1322 4496 -3192 12208
27490 -858 -1758 3580 972 9236
27131 -699 -2247 2952 6384 6180
23989 -819 -2332 2872 12176 4228
17605 -557 -2084 2968 17568 3140
8729 569 -1459 3836 22084 3068
-638 2259 -394 3460 24480 3328
-10677 3624 902 2180 22556 3652
-19142 4148 1885 788 19232 3808
-26002 4229 2677 352 14624 3876
-30504 4345 2932 -384 7684 5244
-32768 3576 2619 -716 820 7776
-32005 2780 2538 260 -7284 11936
-27119 2398 1965 -80 -17336 17264
-16899 312 859 -3728 -20592 20380
-8571 -2456 168 -3564 -18540 22696
-1443 -3717 224 -1256 -17524 23840
5438 -4238 74 -664 -15076 23568
11838 -4566 -485 1320 -12728 21896
17823 -4249 -916 2312 -10040 19340
21509 -3367 -1107 3788 -5588 16272
23686 -2072 -1228 4172 -2488 13432
25092 -1009 -1767 3220 -136 10948
25725 -831 -2187 3000 4236 7728
24091 -800 -2429 2936 9408 5336
20173 -666 -2528 2424 13764 3796
14700 -248 -2273 2928 17244 2848
8273 135 -1727 2484 20284 2628
518 752 -858 2484 22288 2512
-7878 1490 42 2172 21844 2736
-15454 2018 992 1416 19884 3100
-22307 2245 1717 812 16252 3516
-27786 1877 1818 -152 10412 4932
-30339 1106 1374 -160 2752 7944
-29009 77 729 -64 -5732 12732
-23707 -1020 457 -356 -14300 18024
-14434 -1815 804 16 -17796 21612
-4634 -2521 1426 1188 -16940 23112
2956 -2269 2235 2780 -12512 23308
8863 -1878 2049 2952 -7832 22664
13077 -1452 1229 3924 -4852 20340
16180 -958 -57 3672 -2872 18548
18473 -781 -985 3084 -892 16580
20342 -1434 -1678 2592 1004 14076
20998 -2121 -2356 3488 4124 10836
19846 -2376 -2803 3596 8876 8000
16898 -2504 -2963 3456 12912 5092
12783 -2528 -3065 3560 16824 3872
6412 -1642 -2583 3948 20180 3052
-791 -476 -1631 4552 21632 2024
-8529 1569 -412 4484 21188 1984
-16038 3808 1062 3836 19808 1792
-22456 5343 2651 2836 16484 2616
-27239 6000 3682 1192 11508 3516
-31103 5858 3464 -388 5680 5868
-32413 5145 2628 -592 -3948 10564
-27960 3584 749 -2828 -15816 16432
-18268 291 -1522 -3816 -21256 21484
-8002 -2449 -1388 -3300 -21684 24656
1058 -3328 586 -396 -19136 25408
9323 -3388 1791 732 -14904 25408
16992 -3651 875 1700 -11984 23112
23947 -4072 68 1704 -8896 19272
28320 -4114 -521 4096 -3268 14768
29005 -3503 -1715 4692 2904 10772
27023 -3181 -2291 4400 8908 7724
22626 -2798 -2724 4588 13704 5180
17216 -2357 -2782 3992 17456 3304
11381 -1783 -2442 3932 19836 2176
5055 -353 -2045 4152 21404 1436
-1537 976 -898 4000 20948 1264
-9561 2744 158 3736 19712 1184
-15459 4117 946 3248 18400 1520
-21339 5272 1838 2532 16424 1836
-27275 6168 2587 1204 12948 2212
-31920 6322 2647 -204 8108 3040
-32768 5926 2220 -892 2560 4860
-32768 5160 1448 -1596 -5672 9276
-30825 2832 218 -3428 -14812 14812
-21851 -19 -1374 -2540 -20068 19036
-12482 -2579 -2076 -3148 -20572 21868
-4236 -5042 -1245 -1712 -18128 22484
1714 -5423 344 872 -15420 23636
7197 -5318 1062 2104 -13008 22888
13172 -4577 436 4204 -12132 21864
19372 -4028 -861 3788 -10956 18964
23667 -3678 -2032 4752 -8416 16704
27219 -2859 -2750 4660 -5844 13600
29795 -2219 -3437 3884 -2248 9812
29829 -1732 -3767 4156 6048 5832
26051 -1199 -3336 3964 12540 3284
20655 -639 -3305 3304 16144 2676
14602 -247 -2129 3128 18612 1564
8454 6 -1257 3268 20008 1160
1911 506 -425 3436 20896 1196
-4284 1170 418 3232 20328 1832
-10627 1839 1058 3460 19440 2340
-16575 2381 1195 3792 17828 3960
-21874 3190 1023 3220 14768 6044
-25655 4002 989 1668 10620 7864
-28926 4849 1585 260 6836 9392
-30662 5076 2133 608 2608 10188
-30310 4691 1786 -624 -3172 12256
-27704 2706 -207 -384 -8720 14728
-23440 1340 -1050 -572 -12936 18272
-16838 -62 -878 -404 -17324 21660
-6913 -1242 87 572 -20384 22784
2530 -1826 681 1328 -18544 22816
10028 -2057 558 1868 -15008 21800
16502 -2203 383 2400 -11756 20004
22455 -1706 17 3444 -9824 17296
27069 -1202 -726 2556 -5912 13820
29238 -1070 -1091 2240 -52 10188
29208 -823 -1076 2536 4708 7200
27643 -896 -1207 1964 9172 4780
23915 -1379 -1215 1748 13024 3156
19523 -1758 -821 1900 16604 2304
14295 -1574 -116 2484 19960 1684
7015 -867 501 2984 22996 1072
-929 292 1061 3440 24428 1332
-9571 1736 1571 3184 23136 1660
-17862 2576 1762 2840 20848 2232
-25072 3506 1762 2128 16864 3016
-30568 3754 1176 1384 11304 4296
-32768 3773 659 1456 4812 6220
-32768 3903 420 1124 -3260 10292
-29911 3224 230 -488 -13196 15856
-19968 1497 257 -1212 -21572 21480
-7482 -374 214 -1028 -21440 23508
2182 -1893 830 -140 -14580 23236
7467 -2302 1668 720 -7376 21432
10786 -2319 1682 2420 -1904 18996
11757 -2037 962 2672 1120 17404
12005 -1639 134 3376 984 16020
13031 -850 -652 3532 -664 15468
15137 -670 -1144 2888 -1380 14012
17658 -910 -1565 2352 -860 12396
19532 -1456 -1679 2372 2712 10648
19429 -1219 -1366 3220 7380 8560
17212 -899 -1088 2836 12088 6708
13277 -426 -921 2736 17276 5264
7324 289 -580 2648 21728 4224
-229 934 185 2672 23580 3352
-7743 1480 963 2416 22908 3332
-15535 1920 1520 2312 20860 3452
-22585 2501 1921 2360 17312 3688
-28702 3455 1843 2508 11768 4836
-32768 3926 1181 836 5504 6392
-32768 4036 287 732 -3208 10464
-30027 3072 -303 72 -13652 15760
-21412 1620 -175 320 -20328 21240
-9877 455 -19 -492 -24616 24136
2538 -833 1023 -2020 -23936 24924
12995 -2218 1213 -204 -18568 24140
21448 -3144 1031 148 -12744 21020
27390 -4051 204 576 -8140 17784
31586 -4827 -362 1264 -1136 11976
31348 -4544 -591 2916 7652 7832
27143 -3965 -856 3032 14424 5008
21478 -3276 -1075 4556 17588 2664
14796 -2448 -1053 4936 19832 1612
7853 -1466 -906 5184 21132 1124
1017 36 -581 4632 20860 840
-5098 1181 -148 4028 19256 1264
-10391 2018 153 3500 18068 1940
-16034 2857 425 3336 16512 3184
-21149 3479 145 2656 12352 5112
-24712 3480 -208 1900 6760 7360
-24795 3225 -314 608 568 10680
-22114 3013 -79 -328 -3660 14660
-16800 1821 841 -3168 -9544 19612
-10572 -117 1922 -4364 -14436 23800
-2302 -1729 3028 -2032 -15688 26552
6773 -2509 3084 432 -12708 25652
13865 -3405 2112 1180 -6780 22024
18118 -4086 1065 2932 656 18212
19042 -4400 511 3764 5880 14836
17593 -4380 -534 4896 9596 11660
14902 -3681 -1436 5972 11696 8748
11679 -2618 -2101 5980 12944 6888
8259 -1458 -2465 5204 13696 5592
5060 -616 -2575 4428 14376 4456
1457 -254 -2179 3832 14896 3932
-2257 702 -1049 3380 15180 4392
-7422 1925 595 3040 13784 6020
-11008 2574 1382 2100 11464 7972
-13726 2607 1325 988 7572 11580
-14173 1820 802 116 1540 16160
-10882 929 521 -36 -4196 20168
-4807 -25 257 360 -7176 22444
3313 -670 562 1052 -6560 22388
9756 -1057 461 2252 -1604 20136
13654 -1193 363 3700 4128 16660
14928 -1164 306 4160 8296 13624
14811 -1180 119 4520 11244 10344
13446 -910 -212 4528 13484 7904
11214 -175 -610 4844 16512 5676
7369 343 -726 5080 18172 3416
2384 1340 -958 4752 19476 2816
-2981 2430 -1097 3032 18112 3140
-7773 3663 -17 4916 17392 1780
-12746 4969 715 3008 15928 3044
-16703 5405 1312 2376 13416 4048
-19980 5341 1529 572 9912 6168
-21555 4048 522 -364 4004 9232
-20445 2297 -786 -1956 -1252 13876
-15621 -676 -1557 -2468 -4208 17236
-10581 -2397 -917 -1224 -3652 19060
-6532 -2597 666 608 -612 19356
-4583 -2240 1764 1716 3060 18372
-4815 -1981 1976 2516 6540 16964
-7114 -1629 1512 2560 9252 15552
-10731 -1729 417 2692 10304 14064
-14680 -1566 -457 3944 7224 13568
-17042 -589 -1033 3644 -280 15524
-14692 -376 -1122 2220 -11740 19912
-6212 -1275 -1090 1640 -22716 23532
6189 -2724 -1333 1112 -23248 21492
17619 -3320 -1889 2728 -15520 18532
25274 -2640 -1689 3792 -8200 14136
29193 -1690 -1467 3372 -1160 10456
30631 -630 -1204 4068 6112 6720
28472 293 -789 4472 13200 3856
23957 1879 -621 5244 17872 1768
16685 3369 -48 5444 22736 924
7950 4906 893 5604 26076 336
-1984 6376 1864 4532 26580 524
-11803 7509 2085 3320 25248 808
-21108 7653 1798 1088 22792 1204
-30385 6887 1220 -140 18316 1264
-32768 5706 -480 -860 9460 2560
-32768 4085 -2454 -412 -208 5916
-32768 2790 -4345 -88 -11192 12896
-28277 1193 -4449 -1932 -20032 18132
-16992 253 -3205 -2544 -23252 22592
-5827 -1423 -343 -3728 -26468 23664
9291 -2974 1682 -3932 -20400 24704
18560 -5131 1346 -2316 -13044 20588
25485 -6995 836 960 -4088 16256
25904 -6520 720 2648 2836 12988
25016 -5994 278 3052 6036 8980
22868 -5585 -646 3964 10440 6116
18605 -5066 -1441 4528 14296 3992
13504 -4040 -1690 5480 17284 2952
6958 -2158 -1335 7256 20060 2344
-197 693 -455 7672 21080 2052
-7004 3550 686 6260 19652 2588
-12903 5624 1841 4436 18504 2560
-19173 6864 2871 2644 17016 2652
-24936 6998 2859 668 13360 3620
-29740 5787 1488 -156 7240 5236
-32164 4343 -203 1420 -808 9708
-29557 2790 -1099 -228 -12352 15280
-21495 -899 -1843 -3684 -18084 19204
-13484 -3885 -1828 -1788 -19104 22076
-6553 -4012 -164 -632 -18792 24040
662 -3829 1352 344 -17428 25428
8989 -3698 1538 1224 -16884 24488
17708 -3591 753 2176 -14224 22036
24847 -4048 -906 3016 -10620 18728
30566 -3859 -1913 3676 -6992 14572
32767 -4003 -2589 3484 -1952 9152
32767 -3990 -3383 3088 5644 4972
30439 -4193 -4084 3248 10816 2388
25632 -3727 -4379 4540 15716 672
19785 -2497 -3893 5072 20976 -908
12577 -396 -2814 6684 24616 -1620
3856 2335 -1003 7104 25952 -2196
-4371 5593 648 6148 25420 -1956
-12319 7437 1519 4124 23676 -1480
-19603 8348 2027 1952 21356 -404
-26803 7746 2134 352 18404 432
-32768 6600 1344 -1392 13204 1076
-32768 4293 -134 -1740 6844 2540
-32768 2879 -920 448 608 4632
-32768 3314 -592 1148 -4896 8096
-32768 3381 -225 -1048 -15052 13700
-26013 1634 -254 -2484 -21136 17732
-16091 -355 148 -1820 -19836 19804
-9445 -1497 605 -1032 -16684 21384
-4332 -2427 1254 -836 -15340 21256
964 -3208 1198 1088 -14304 22440
6427 -3233 485 1708 -14276 21396
12250 -3631 -734 2896 -12052 19708
16646 -3169 -1725 3732 -9272 16916
19884 -2486 -2478 3836 -8252 16244
23404 -2341 -3099 2772 -7600 13888
26932 -2747 -4000 1892 -6888 12048
30733 -3509 -4135 372 -3344 8628
32381 -4261 -3724 76 3108 5948
29747 -4829 -2487 1468 12052 4476
23914 -4143 -955 4288 17320 3804
17050 -2991 349 5172 20092 3488
9673 -1482 1182 6584 20872 3112
2799 1080 1999 8348 20408 4260
-2659 4304 2402 6792 15668 5600
-6450 6529 1612 3848 13236 6928
-7276 6599 1258 2512 11800 6652
-8366 5051 495 -3024 14184 7964
-10209 1480 20 708 13208 7492
-10744 -731 2047 2092 11648 6816
-12518 -1883 637 2048 11016 7128
-14182 -2503 1036 3260 10412 6360
-14691 2368 674 5768 9044 8844
-16819 4992 1681 -200 5424 11556
-17295 4109 1505 408 2764 13852
-17733 3636 2405 -1212 3992 16724
-18134 2930 4121 -8 -804 17168
-16870 1774 5874 -444 -3616 18856
-13844 -293 5741 -56 -4896 19292
-10652 -2202 4932 2976 -5996 18588
-7656 -2493 3118 3832 -8608 17336
-2439 -1555 1491 5092 -9764 15856
2501 1227 -143 6616 -6648 15700
5293 4498 -978 4792 -1148 16652
6604 6135 -1166 3896 -1664 14788
9048 6979 -1181 2544 -1616 14384
9447 5601 -2498 -1564 4684 16416
9269 5376 -2627 -1144 580 12784
10822 5389 -561 1128 4996 14448
8417 4833 -351 -1056 5480 15356
3664 4121 -2201 -2700 5952 15248
3614 1876 15 1376 3912 13004
1883 178 -735 -1996 5252 14072
-42 -2472 -370 -3624 6908 13952
-1355 -3636 533 -1604 5900 13540
-2115 -4303 1423 -720 6796 12976
-3426 -4608 2170 604 7828 11568
-5794 -4076 2602 908 10248 11056
-9298 -3051 3290 1668 11908 11116
-13147 -2411 3472 1180 11072 10788
-17113 -2408 3085 1740 9404 10516
-20399 -2624 2494 2436 6040 9996
-22678 -2541 1574 3384 3004 9432
-24721 -2511 627 3284 -424 9668
-25593 -2500 103 3884 -4580 9096
-25611 -1891 -399 5372 -8328 8624
-23613 -119 -1192 4852 -12664 11104
-19745 366 -1808 4136 -16584 12892
-14095 124 -2215 2956 -18088 13548
-8112 -44 -2734 2320 -18548 15220
-1854 -443 -3034 2800 -17620 18076
3143 -815 -2850 2580 -17748 18496
9315 -781 -2590 2572 -16888 17632
14326 -453 -2860 3636 -14760 18232
19136 -500 -3935 2276 -15180 16420
24457 78 -4662 1064 -13132 13516
27308 -615 -5495 -772 -9448 12144
29484 -1670 -5788 -1156 -5380 11940
29806 -2748 -4742 596 -792 9900
29442 -2951 -4609 3320 3192 8612
26559 -1498 -3449 6380 8660 7680
22423 -957 -1605 3160 8200 6172
19353 -486 -882 4508 9812 6868
16153 4 -573 4952 11704 6044
13063 557 -345 4340 12952 5956
9753 1061 -180 5132 14628 6008
6072 1906 52 5184 16224 6256
1729 2679 309 4424 17068 6616
-2745 3216 491 3272 16740 7024
-6775 3135 755 2996 16924 7408
-11154 3279 773 2312 17024 8100
-15714 2666 1260 1100 15848 8592
-19540 1900 1419 1228 14568 8660
-23855 1490 1671 1708 13100 7836
-28529 1046 1764 1420 10300 7096
-32075 1050 1223 2484 6548 5996
-32768 1660 235 2996 2112 5008
-32768 2119 -444 2904 -2736 5448
-32768 2128 -1111 2380 -9416 7592
-30521 2181 -1467 3196 -16328 10320
-22921 2311 -1895 3588 -20660 13780
-13942 3010 -2060 2160 -20688 16016
-7147 2699 -1415 704 -17540 16720
-2834 2577 697 796 -14616 16652
-313 2593 2659 724 -13284 17672
1955 1901 3124 444 -13152 18576
4793 729 2270 -204 -14444 18588
8267 -537 825 212 -16724 18728
13076 -1344 -768 456 -17344 18204
18183 -2172 -2077 472 -15036 16892
22449 -2570 -2943 1572 -11764 15612
25550 -2626 -3313 2120 -10276 14276
29018 -3035 -3738 372 -9640 12080
32208 -3861 -3748 396 -6320 9424
32767 -4262 -3303 1136 -1404 7248
32767 -4296 -2483 2944 2612 4864
31149 -3238 -1645 4856 8500 3944
27132 -2028 -732 5796 14520 2312
21084 -988 250 6692 17600 2524
15698 750 825 6204 17792 2324
10917 1733 885 4648 17416 2048
6498 2215 861 4280 18280 2556
2526 2646 448 3780 18608 3140
-1956 3176 -172 3244 19348 4004
-6205 3720 -498 2456 19580 5232
-10805 4260 -348 1440 18460 6556
-14792 4434 -30 684 17184 7568
-18318 4074 232 -620 15768 8528
-21395 3042 611 -1124 13296 8856
-23887 1648 1098 -832 11144 9552
-26134 -227 1327 -1676 6864 10308
-26896 -2218 1051 -136 2536 10708
-26451 -2939 450 1732 -152 11824
-25295 -3413 -316 1656 -4380 12588
-22412 -3945 -1012 2696 -7440 13220
-19015 -3437 -1412 4400 -6676 14136
-16602 -2811 -1469 4816 -6472 14492
-13752 -1840 -1240 5292 -7416 14964
-10553 -870 -1023 5448 -7936 15668
-7253 -332 -843 3976 -8000 16100
-3929 -269 -581 3872 -9348 16524
1195 -163 -559 3852 -11308 17508
6119 -634 -759 3008 -12744 18016
11412 -705 -979 4500 -11072 17752
15123 -280 -1006 4476 -7556 16704
17366 24 -1047 3964 -3344 15996
18223 181 -1486 3428 -2420 14340
19585 -414 -2181 2972 136 13316
19412 -663 -2537 3328 2928 12036
18039 -433 -2501 4180 5972 10772
15620 233 -2232 4188 8064 10256
13794 319 -1801 4364 8848 9556
11915 988 -1227 4812 10452 9072
9491 1548 -716 4600 12092 8592
6897 2613 -277 4396 13300 8436
3431 3152 -8 3820 13704 8432
720 3730 184 3016 13972 8480
-2631 3820 524 2532 13984 8976
-5150 3684 806 1848 13284 9608
-7756 3366 993 992 12108 10500
-9810 2445 1076 128 11076 11000
-11635 1449 1356 -364 10484 11564
-12966 367 1492 152 8284 12008
-13699 -635 1443 416 6632 12464
-13977 -1332 1528 864 4864 12936
-13691 -1485 1628 2052 3356 13832
-12669 -1292 1419 2480 1104 13944
-11032 -1575 990 2620 192 14424
-9076 -1656 640 3300 -980 14748
-7016 -1388 676 3660 -1240 14656
-5320 -974 924 4104 -364 14836
-4018 -563 1281 4116 -52 14788
-2965 150 1729 5052 400 14784
-2357 721 1981 4232 600 14820
-1984 1133 1973 4156 796 14800
-1897 1309 1651 3844 1048 14980
-1952 1384 1315 3512 1092 15088
-2027 1349 1069 3260 756 15252
-1932 1160 749 3036 184 15304
-1578 872 313 2412 32 15032
-1248 725 -52 2396 588 14844
-1310 837 -75 2864 1064 14360
-1597 1040 13 2920 1244 14556
-1899 1233 56 2788 1056 14224
-2146 1398 25 2796 1268 14272
-2572 1601 -23 2480 1272 14324
-2828 1699 -85 1892 472 14648
-3072 1603 -99 1504 88 14392
-2641 1397 -55 1092 -208 14812
-2379 1193 38 1212 -156 14888
-2233 1046 146 1300 -36 14932
-1972 882 132 1128 -488 15172
-1642 650 6 1144 -448 15028
-1464 320 -145 1320 -104 15092
-1599 188 -113 1596 164 15080
-1950 234 38 1540 284 14880
-2255 262 143 1864 292 14644
-2553 348 160 2236 68 14824
-2568 447 121 2108 -248 14980
-2942 542 51 2308 -420 14744
-2921 800 -23 2416 -692 14412
-2943 1086 36 2312 -712 14304
-2972 1376 58 2264 -908 14096
-2907 1687 26 2084 -1168 14184
-2750 1983 -6 1828 -1280 14188
-2866 2033 -46 1388 -912 14444
-2937 1996 -142 1256 -1264 14008
-2830 1804 -317 1040 -1640 14256
-2765 1445 -583 588 -1756 14544
-2726 1015 -822 244 -2280 14812
-2565 472 -980 -340 -2716 15036
-2074 -167 -803 -284 -2732 15772
-1507 -660 -431 32 -2540 15664
-980 -665 -13 632 -2484 15664
-540 -487 242 772 -2136 15600
-208 -190 478 1284 -1640 15180
-329 92 477 1288 -1392 14700
-491 333 381 1256 -1412 14692
-739 558 300 1464 -1528 14648
-869 867 293 1584 -2012 14660
-819 1183 451 1548 -1960 14872
-683 1377 560 1464 -2516 14760
-408 1457 583 1544 -2052 14780
-286 1457 263 1296 -2212 14808
-259 1050 -77 388 -2160 14636
-395 280 -297 40 -1536 14564
-758 -492 -674 736 -1164 14608
-1097 -673 -1012 1028 -1476 14712
-1340 -609 -1213 1472 -1892 14832
-1374 -418 -1221 1400 -2268 14644
-1219 -167 -1024 1216 -2412 14728
-850 154 -1041 1712 -2016 15292
-687 808 -428 1180 -1928 15004
-558 1379 551 396 -1896 14748
-296 1699 1324 212 -1836 14928
177 1697 1364 404 -1892 15280
749 1678 1268 340 -1616 15084
1057 1751 576 88 -1240 15056
1038 1746 324 -164 -1032 14748
617 1609 319 -468 -940 14688
291 1168 380 -1072 -788 14796
114 469 375 -1084 -1244 14228
-42 -158 376 -836 -992 14080
-339 -552 267 -484 -992 14192
-464 -772 127 -128 -740 14288
-665 -821 57 152 -356 14788
-835 -692 6 528 -452 14660
-912 -481 1 704 -336 14804
-967 -335 -29 792 -512 14832
-914 -71 -134 896 -696 14856
-846 251 -276 664 -952 14668
-732 386 -241 400 -1224 14720
-606 224 -88 96 -1056 14764
-610 30 54 376 -1048 14360
-648 -233 139 184 -1000 14684
-524 -381 135 372 -1092 14656
-307 -766 170 356 -792 14552
-348 -491 500 556 -436 14452
-575 -193 410 812 -528 14352
-785 -31 527 728 -696 14684
-943 -18 625 620 -480 14356
-1038 66 588 708 -448 14700
-1058 92 462 548 -560 14548
-927 151 292 480 -792 14788
-669 209 172 504 -684 15024
-576 231 86 752 -612 14540
-591 144 -18 332 -648 14596
-710 -2 -75 252 -812 14384
-855 -184 -41 420 -664 14540
-886 -222 -59 584 -1000 14724
-736 -344 -177 692 -948 14888
-529 -306 -274 952 -712 14764
-388 -202 -291 984 -684 14684
-411 -44 -331 896 -404 15044
-522 137 -269 820 -476 14588
-726 288 -228 1004 -384 14784
-876 417 -282 968 -368 14512
-993 508 -446 688 -548 14840
-988 512 -628 668 -600 14708
-862 435 -791 400 -724 14620
-758 262 -977 332 -488 14584
-771 167 -1029 172 -340 14536
-951 146 -944 508 -356 14404
-1313 222 -745 268 -104 14416
-1499 266 -631 456 -360 14644
-1496 511 -483 444 -496 14656
-1502 713 -368 516 -700 14836
-1459 905 -289 472 -876 14728
-1420 1030 -153 272 -1028 14632
-1406 1108 -193 -16 -796 14828
-1435 1082 -229 -116 -1000 14880
-1343 956 -268 -468 -1176 14816
-1148 663 -262 -320 -1524 14712
-1063 407 -275 -356 -1196 14964
-969 176 -302 -356 -1276 14732
-867 36 -352 -164 -1308 14844
-744 -50 -437 -204 -1260 14916
-718 -85 -420 -24 -1012 14976
-664 -75 -366 -60 -1076 15080
-482 -117 -188 -216 -916 15136
-399 -174 175 -200 -688 14740
-534 -9 532 16 -548 14268
-799 -547 643 -284 -1036 14008
-974 -597 470 -428 -972 14024
-1141 -895 94 -264 -788 14300
-1006 -1067 -68 -20 -772 14448
-701 -1278 74 136 -1288 14560
-186 -883 473 -84 -1340 14584
109 -722 1066 208 -736 14560
-382 -362 1675 368 884 14088
-1704 76 2023 512 2520 14048
-3763 231 2031 524 3136 13616
-5623 491 1909 776 2112 13416
-6910 697 1747 664 -196 13516
-6751 500 1608 -108 -3492 13948
-4931 253 1698 -668 -6096 14368
-2396 -306 2353 -500 -6808 14916
-599 -31 3622 -196 -5680 15580
-21 99 4855 -88 -4120 15824
180 317 5525 -188 -3264 16148
295 502 5474 268 -2540 16220
650 710 4666 304 -2700 16448
1220 575 3565 -44 -2384 16116
1637 109 2493 -96 -1696 15524
1494 -342 1580 4 -1784 14592
1287 -802 1087 100 -1560 14564
1009 -1032 1029 456 -1144 13952
313 -1039 1120 752 -548 13576
-509 -895 1163 888 -460 13444
-1222 -413 1349 1364 -656 13232
-1913 276 1754 1388 -724 13164
-2423 932 2176 1124 -816 13592
-2711 1398 2532 880 -1260 13488
-2949 1540 2879 564 -1104 13540
-3025 1867 873 3152 -388 13900
-3748 1930 -1473 1936 -72 13760
-5086 2291 -1321 248 -356 13348
-6755 2299 -327 -1888 -1340 13532
-7551 1151 769 -2308 -2984 14212
-7174 350 2596 -2944 -4496 14860
-5779 -846 3316 -2852 -5044 15256
-4235 -2063 813 504 -4200 15744
-3242 -2740 -1364 -748 -5180 15132
-2842 -2875 -1130 -364 -5136 15292
-2432 -2751 -999 724 -4940 14648
-2198 -1478 -1142 4988 -4248 14392
-2222 617 -1143 2572 -5368 13624
-2270 714 -1912 -12 -5960 13944
-1177 -14 -2293 -76 -9488 14752
2038 57 -1993 860 -11404 16196
6058 239 -1513 -212 -11764 17140
10595 -88 -1338 -292 -11984 17196
14617 -539 -1482 -280 -10256 16464
18376 -766 -1518 888 -7464 15200
20517 329 -1349 1972 -4212 13704
21050 1089 -1070 1124 180 12924
19744 453 -1388 -1840 3384 12364
17895 -734 -1541 -2364 7012 11452
14161 -1037 -687 876 9096 12036
11389 -668 457 -40 8968 11288
9593 -1790 325 -1080 9208 10240
7000 -2768 985 1356 9504 10856
5176 -2310 1011 2364 9276 11200
3810 -2178 516 2180 10384 10840
1893 -2190 319 1560 9836 10604
336 -2118 296 2248 10272 9808
-1857 -2140 148 2004 11188 9932
-4474 -1887 -28 1884 11992 9944
-7438 -1394 598 1908 12960 10136
-11456 -1086 1081 1312 12324 10412
-15023 -1067 1131 848 11216 10808
-18004 -1171 903 1436 8460 11364
-19775 -1221 122 1376 4196 12176
-20048 -1432 -1024 1672 1108 12740
-19784 -1468 -2018 2568 -3684 14416
-16468 -1661 -2936 2664 -10360 16720
-10463 -1615 -3297 2616 -14160 19200
-2461 -1448 -3099 2772 -16648 20596
6008 -932 -2781 3492 -14108 20544
12689 57 -2192 4336 -10108 19100
17095 1044 -1559 4108 -5980 17316
19948 1832 -1242 3812 -2648 15984
21681 2212 -1218 3004 64 13880
22409 2400 -1290 2420 3436 12436
21880 2183 -1349 2212 6276 11200
20438 2752 -1185 2308 9060 8988
17828 2291 -1173 1968 11588 7796
14396 2443 -1066 2872 14480 6900
10569 2545 -929 2048 15468 6324
6544 2838 -662 1832 16128 6296
3003 2906 -547 924 15688 6548
496 2745 -611 256 15024 7032
-2196 2442 -634 -484 15192 7452
-4694 2065 -421 -1224 15028 7924
-7091 1419 -49 -1036 14724 8572
-9446 1274 481 -900 14700 8524
-12087 780 1445 -892 14356 8788
-14951 399 1997 -1048 13096 9144
-16921 -251 2087 -1192 10796 9484
-18781 -447 2078 -272 9708 9892
-20798 -556 2019 492 7836 10304
-21377 -266 1284 1708 3300 11276
-20724 359 193 1860 604 12676
-18913 497 -791 1320 -4168 14360
-14575 858 -1431 1952 -7924 16644
-9186 1294 -1449 1364 -8924 17780
-3992 1547 -785 980 -9364 18928
916 1554 48 -168 -8804 19756
5369 992 683 -496 -8140 19672
9698 334 758 -468 -6428 18728
12838 -297 841 -156 -3544 17836
15601 -853 685 -28 -1144 16396
17080 -1520 278 136 1292 14280
17679 -2083 -209 452 4064 12596
17192 -2475 -720 412 6488 11076
15930 -2926 -1009 648 8824 9544
14015 -3224 -1107 1240 11132 8400
11329 -3277 -1070 1984 13428 7256
7767 -2694 -583 3304 15928 6500
3470 -1222 70 4012 17752 6276
-2418 683 627 3652 17560 6380
-6716 2256 884 2980 16524 6620
-10927 3320 899 1656 15492 7384
-14424 3703 808 732 13932 7640
-17734 3948 739 596 12588 7832
-20823 4265 852 400 10872 8396
-23749 4581 993 -368 8288 8992
-25090 4460 548 -88 2980 10072
-24660 4605 -163 -1172 -2580 12484
-21949 3027 -1460 -2128 -7200 14980
-17028 1528 -2786 -2136 -11196 17044
-11524 -200 -3617 -2972 -12416 18896
-6906 -1995 -2990 -2340 -11212 19752
-2638 -2882 -1447 -1532 -10268 20192
1384 -3233 235 -1236 -9968 20240
5859 -3579 881 -88 -8692 19996
9491 -3305 1109 1008 -6464 19044
12321 -2959 813 1284 -4796 17684
14542 -2617 199 1532 -3072 16372
15633 -2362 -456 1484 -1380 14616
16705 -2438 -1064 1364 396 13452
17277 -2796 -1548 1468 2136 12040
17342 -2555 -1539 1860 4328 10968
16991 -2388 -1858 1912 6328 9708
15903 -2112 -1839 2144 8648 8764
14427 -1556 -1678 2660 10860 7620
12253 -584 -1307 3236 13408 6408
8694 593 -842 3376 16044 6208
4287 1712 -530 2968 16732 5976
-71 2562 -358 2380 16452 5936
-3861 3363 -248 2040 15996 6748
-7668 3593 -172 1016 15988 7096
-11353 3175 -220 -40 15348 7868
-14621 2698 -48 -500 14168 8608
-18147 2195 336 -788 12564 9016
-21186 1646 749 -1516 10936 9100
-24003 1046 974 -1252 8524 9504
-26233 343 596 -1760 4916 10024
-27208 -587 -644 -584 312 10880
-26547 -1558 -1828 -376 -4268 12448
-23948 -2679 -3314 404 -9508 14284
-19060 -3580 -4373 1168 -13460 16184
-13266 -4105 -4879 1264 -13372 17652
-7989 -4538 -3632 2284 -12736 18236
-3671 -3815 -1315 3152 -12044 19200
1070 -2793 678 2764 -14068 20604
7552 -2212 1077 2712 -14884 20716
14099 -1878 785 3184 -12952 19504
19223 -865 768 4320 -9920 17620
23231 284 1107 3596 -7500 16024
26686 713 467 2512 -6772 13384
29202 809 -475 2768 -2972 10636
30341 1104 -1220 2832 2512 7608
29077 1253 -1457 2536 6828 5900
26716 983 -1491 2004 9796 4744
23635 855 -1447 2772 13352 3808
19623 1072 -1314 3392 16516 2776
14797 1694 -1171 4208 18364 2152
9549 2788 -891 4508 19440 2112
4686 3953 -542 3424 19932 2364
112 4855 -332 2196 19324 2848
-3962 5147 -299 1140 19284 3660
-7805 5063 -300 60 19304 4596
-11770 4643 -276 -836 18460 5500
-15144 4168 101 -1736 17612 6296
-18749 3466 567 -2828 16408 7044
-22455 2649 1271 -2920 14744 7264
-25689 2130 2059 -3036 12816 7916
-29049 1410 2688 -4728 10524 8204
-31662 132 2944 -4856 5152 8280
-32430 -229 2758 -2288 708 8572
-31659 26 2159 -936 -4608 10140
-28103 -424 887 156 -10292 12408
-22462 -735 -364 932 -13608 14960
-15927 -1214 -1054 1420 -15612 16920
-9891 -1305 -1156 1816 -15176 18268
-4357 -1183 -889 1396 -13992 18960
192 -1476 -451 584 -12680 19508
4207 -1863 -295 1208 -12024 19964
8610 -2375 -831 740 -12132 19640
13332 -2968 -1282 904 -11288 18888
17860 -3693 -2163 1772 -9704 17180
21418 -3671 -2506 1628 -6516 15528
23926 -3682 -2722 1372 -3884 12996
25366 -2977 -2667 1628 28 10640
25362 -2641 -2530 1500 3580 8988
24541 -2090 -2335 2172 6656 7324
22802 -1300 -2150 2436 9600 6112
20047 -571 -1910 2832 12644 5316
16414 196 -2040 3432 14288 4780
12813 1106 -1737 3816 15624 4476
9176 1976 -1662 3508 16776 4548
5024 2821 -1438 3356 17436 4636
1300 3522 -1049 2124 17736 4932
-2456 3758 -667 1360 18140 5236
-6275 3803 -236 752 18516 5920
-10318 3693 217 -84 18360 6488
-14630 3448 685 -1136 16960 7380
-18831 2987 1184 -2096 15256 7844
-22169 1999 1617 -3024 12304 8708
-24518 613 1741 -3412 9268 9156
-26314 -715 1763 -2336 7020 8852
-27953 -1728 1588 -1748 4652 8916
-28871 -2904 796 -884 1092 9216
-28441 -3480 -472 1424 -2772 10236
-26693 -3999 -2252 1532 -6448 11108
-23474 -4426 -3353 2580 -9876 12920
-19249 -4180 -4177 4004 -12028 14440
-14762 -4157 -3808 3464 -12860 15336
-10536 -4076 -2076 4308 -12456 16332
-6807 -3197 -81 3672 -12884 17448
-1623 -2635 970 4320 -14460 19256
3127 -2060 348 4156 -14292 20412
8225 -1989 -750 4160 -14352 20120
13133 -1481 -1765 4144 -12148 19148
15908 -1086 -2186 3656 -9756 17736
19314 -917 -2493 4028 -9068 16404
22339 -539 -2833 3476 -7212 13772
24476 -90 -3008 3432 -3636 11900
25520 248 -2903 3576 -924 9912
25657 624 -2598 3828 2324 8428
24925 1047 -2332 3544 4908 6836
23731 1428 -2331 4308 7152 5616
21943 2249 -2536 4584 10364 4468
19428 2814 -2947 4348 13484 3980
15799 3392 -3222 4224 16068 3812
10873 3967 -2938 3532 18472 4012
5717 4533 -2436 2792 19444 4308
-105 4879 -1774 2008 19700 4624
-4847 5375 -1125 360 19036 5572
-8971 4993 -468 -328 18080 6504
-12605 4855 339 -948 16608 7096
-16255 4599 1170 -2084 15456 8400
-19622 3870 1981 -2876 13844 9128
-22647 2931 2738 -3188 11548 9148
-25414 1986 3566 -3464 9376 9612
-27374 811 3898 -3048 5596 9488
-28723 -445 3926 -2592 3308 9860
-29395 -1443 3548 -548 -2120 10756
-27645 -1538 1884 352 -7348 12296
-23567 -2992 -110 -180 -11640 14424
-18157 -3956 -1875 1688 -15460 17084
-10609 -4075 -2640 2444 -19148 20040
-2004 -3730 -2392 2620 -19040 21700
5888 -3167 -1816 3004 -16580 22192
12383 -2407 -1428 3272 -14008 21492
18548 -1708 -1603 3632 -11568 19520
23238 -1151 -2102 3492 -8248 17224
26487 -675 -2915 2780 -5440 14468
28653 -851 -3881 1080 -2536 11300
29555 -1375 -4557 328 1604 8588
28883 -2229 -4512 908 5844 6364
27210 -2458 -4352 1616 9376 4268
24605 -2289 -3788 2304 12880 2732
20890 -1650 -3677 3608 16796 1300
15777 -756 -3422 4448 19336 856
10486 878 -2974 4324 20664 712
4878 2720 -2124 3832 20548 1180
117 4428 -1412 2732 19856 1904
-3744 5383 -1067 1076 18900 2448
-7160 5486 -989 -244 18380 3376
-10542 4992 -728 -1332 18280 5092
-14051 4152 -371 -2140 17524 6056
-17224 3119 273 -2868 16224 7140
-20346 2086 1212 -2832 15412 7480
-23630 1037 2111 -3752 14228 8224
-27084 -514 2795 -4132 11680 8136
-30380 -3258 3046 -3848 8468 8284
-32478 -6091 2561 -2988 2576 8416
-32246 -8328 1418 -1048 -3368 9760
-29709 -10120 -109 1312 -8364 11620
-25175 -11142 -1868 4284 -14772 15160
-17293 -10709 -2788 6656 -18764 18088
-8078 -8603 -2580 8456 -19844 20096
1533 -5384 -1845 9904 -17576 21084
9431 -2268 -1091 9892 -13980 21028
15839 312 -976 8312 -11104 20392
21135 1638 -1869 5988 -8864 17740
24955 2264 -3052 5352 -5068 15192
26987 2517 -4002 3856 -1336 12444
27611 2541 -4490 3168 1836 10252
27255 2081 -4544 3228 4908 8044
25971 1942 -4293 3144 8328 5956
23712 1884 -3858 3364 11332 4260
20979 2153 -3505 4212 13968 2876
17387 2721 -3239 4376 16048 2252
13149 3527 -2828 4592 17488 1420
8681 4593 -2247 3520 18576 1384
3975 5351 -1654 3028 19068 1708
-488 5870 -1280 1756 19832 2480
-4659 5994 -1003 356 19296 3216
-8958 5684 -566 -440 18804 4340
-12386 5153 -106 -1496 17748 4868
-15559 4571 484 -2008 17480 5992
-18905 3467 1144 -3232 16064 7332
-21533 1984 1620 -3996 13812 7816
-24078 201 1794 -4192 12024 8844
-26583 -1737 2255 -4348 8848 8920
-28081 -3470 2308 -3408 6440 9500
-29023 -5394 2113 -2332 1568 9924
-27895 -6519 1370 780 -3448 11536
-24805 -7311 332 1968 -7464 13644
-20430 -7892 -698 3108 -9964 15152
-15478 -7912 -948 4200 -11220 16868
-10753 -7156 -461 5776 -11340 17628
-6025 -5214 563 7548 -11284 18924
-715 -3189 853 7316 -12348 19812
5608 -1817 228 7132 -11612 20172
10561 -720 -709 6428 -9008 19276
14340 213 -1188 6456 -7324 18728
17880 947 -2039 5036 -6440 17316
21009 971 -2968 4828 -4368 15556
23066 726 -3825 3180 -2372 13176
24751 237 -4330 3336 1432 10736
24724 380 -4310 3620 5272 8696
23307 528 -4101 3472 9088 6316
20849 801 -3796 3804 12440 4512
17593 1370 -3534 4472 15812 2932
12825 2166 -3409 4500 18212 2112
7770 3042 -3120 3352 19336 2108
810 4012 -2176 3276 20100 2648
-4582 4929 -1134 2280 19632 3500
-9533 4723 -453 76 18272 4964
-13842 5163 83 168 16464 5380
-18051 4425 904 -1620 14000 7228
-22245 3592 2325 -1624 12100 8556
-25266 2849 4109 -2388 9836 10300
-27191 1361 5995 -3988 5220 11220
-27769 -70 6559 -2876 1012 11816
-26316 -1293 5900 -820 -3348 13656
-23248 -1906 4176 324 -7852 16136
-16968 -2987 1564 864 -13824 18948
-8841 -4012 -842 2580 -16212 21632
-132 -3685 -1785 4548 -16720 22608
7765 -2752 -1728 4228 -14164 22076
14136 -2159 -1605 4836 -10344 20672
18745 -1743 -1757 4040 -6336 17828
21826 -1835 -1945 4044 -1608 14828
22607 -1735 -2226 3680 1808 12088
22171 -1512 -2590 3468 5320 10712
21057 -1368 -2864 2456 7400 8852
19640 -1564 -2990 1812 9308 7476
17709 -1916 -2819 1480 11620 6160
15302 -2538 -2744 1420 13888 4784
12278 -3086 -2240 2588 16760 3812
7855 -2656 -1620 4120 18776 2964
2533 -1414 -929 5260 20408 2768
-3441 383 -160 4928 19768 3276
-7966 2275 528 4492 18108 3888
-12278 4287 1917 3912 16848 4888
-15898 5936 2691 2592 15448 5808
-19537 7076 3079 1892 13668 6420
-22973 7498 3890 -152 11804 7428
-25927 6263 3935 -1908 8528 8952
-26993 4193 3635 -2984 2556 11092
-25589 1780 2320 -1804 -3728 13572
-20869 -1034 603 -1268 -9296 17416
-14248 -2821 -821 1024 -13148 20496
-6104 -3981 -1518 1332 -15288 22372
2526 -4353 -1401 3064 -13748 22696
9645 -4602 -1172 3992 -10532 21520
15304 -3818 -1156 5156 -6824 19664
19320 -2608 -1420 4900 -2664 16756
21726 -2150 -2084 3696 1028 13936
22372 -2311 -2892 2988 4908 11352
21708 -2507 -3550 2920 7992 8784
20015 -2809 -3771 2732 10872 6848
17474 -2335 -3690 3528 13448 4960
13982 -1782 -3287 4380 16368 3356
9337 -300 -2624 4672 18172 2552
4471 1117 -1941 4656 18632 2280
-287 2733 -1116 4464 18788 2204
-5061 4419 -162 3792 18576 2760
-9810 5742 730 2628 18884 4324
-14990 6146 1388 868 17188 5464
-19606 5917 1822 -188 15028 7840
-23959 4386 1939 -2232 11092 10484
-25794 1669 1493 -2976 3684 13096
-23014 -1212 335 -1500 -4380 16916
-16125 -3462 -892 -1340 -10716 21216
-6821 -5061 -1284 180 -13516 23900
2437 -5446 -1249 1912 -11640 24104
10160 -5367 -673 2960 -6988 21928
15184 -5206 -356 3816 -2924 18240
18420 -5026 -482 4156 1580 14204
19742 -4760 -881 4480 6020 10468
19366 -4232 -1420 5356 9988 7724
17374 -3309 -1757 5556 13536 5360
14025 -2227 -2126 5948 16268 3248
9266 -528 -1960 5744 17608 1856
3676 1589 -1288 5208 18124 1348
-297 3371 -690 4968 17836 1460
-4472 5263 -175 4476 17740 1676
-7940 7046 339 3728 17408 2072
-12131 8359 1075 2744 17408 3800
-17062 8993 1162 1184 16652 6764
-21854 7919 616 -1024 12252 10132
-24393 5332 82 -2252 4968 13912
-22318 2979 302 -1976 -3044 17352
-16895 1815 1030 -324 -5216 19728
-10620 1972 2310 1356 -3548 20928
-6734 2280 3952 624 -36 20880
-5211 1628 4386 -924 1056 20220
-3484 -46 3383 -1068 -44 19612
-1487 -2195 1938 -616 -1252 19884
1823 -4590 48 -808 -6272 19324
8622 -6990 -2456 144 -8124 18020
15154 -8651 -3990 1224 -6280 14708
20408 -9656 -4113 2056 -1916 10712
23010 -9524 -3786 3420 3072 7476
23626 -8066 -2873 6292 8380 4680
21829 -5418 -2211 7880 14140 2376
17709 -2768 -1982 9316 18940 900
12491 589 -2142 8568 21616 588
5761 3665 -1830 7712 22868 820
-720 6602 -1744 6132 22648 1720
-6368 9266 -1231 4476 22272 2068
-11343 11204 -807 3284 22032 2864
-17234 12586 -520 936 19748 4736
-21419 10752 -1566 -888 17372 6288
-25896 8772 -2857 -3692 13584 7488
-30425 5171 -1977 -4932 8100 6992
-31794 2261 -849 -3252 1572 8908
-29233 33 -132 -1512 -6580 13144
-22467 -2636 -1424 -2348 -16488 19704
-12440 -5294 -3444 -1552 -22512 23084
273 -7126 -4299 -3644 -21288 25468
10561 -8636 -3786 -1996 -15080 23228
17163 -8946 -2425 360 -6128 19772
21421 -8243 -1429 1088 -36 15740
23292 -7249 -954 1796 4452 11976
23565 -6220 -1059 2664 8428 8592
22177 -4945 -1408 4492 11924 6128
19100 -3374 -1730 5696 15268 3876
14684 -1426 -1946 7272 18124 2524
9307 899 -2095 7624 19480 1516
3843 3319 -1904 6844 19272 1244
-1186 5426 -1452 5228 18308 1820
-5629 6830 -755 3592 17176 2784
-9614 7372 -69 1632 16328 4348
-13257 7132 564 180 15356 5800
-16682 6263 1315 -1096 14580 7800
-21565 4460 1949 -2388 11448 9372
-23641 2795 2177 -2596 7404 11468
-23876 912 2007 -3372 1760 14096
-21995 -1755 1078 -2940 -5484 17952
-15422 -3851 -365 -1580 -13348 22248
-5672 -6167 -1222 -1192 -17248 25384
7732 -7119 -809 1544 -14840 24984
16556 -6844 -300 3836 -8376 20972
22150 -6152 -378 5460 -836 15952
23820 -4994 -967 7136 4780 11724
23834 -3179 -1739 7484 9236 7772
21898 -1449 -2692 7752 13020 4596
18593 95 -4052 7072 15596 2776
14442 1315 -5053 6436 17228 1352
9300 3083 -4766 5084 17812 1276
4390 4672 -4077 3396 18144 1084
-296 5449 -3260 1588 18572 1704
-5247 5540 -2387 592 19484 2508
