-530 -14 98 112 4652 14316
-825 35 126 -452 3680 14560
-546 -96 188 -376 3480 14656
-346 -222 191 -272 4328 14280
-489 -137 221 272 4292 14240
-756 79 82 636 4936 14048
-1108 72 96 360 4412 14208
-1245 322 75 1328 4076 14160
-1495 638 -131 608 4388 14500
-1672 485 -115 -1408 3460 14644
-1133 296 352 448 2532 14244
-920 101 204 -728 4568 14324
-1277 112 131 128 3624 14544
-777 88 -14 332 3928 14440
-865 -21 -3 -724 4408 14288
-2068 -452 -1762 -1548 6132 15572
-4480 -835 -1698 -2008 5816 16336
-5719 -704 -1341 -780 2100 18032
-4957 -668 -1302 -2316 180 19500
-4851 -1623 -1701 -3268 -408 21172
-2680 -2759 -1579 -1324 -4268 19696
1542 -3350 -1107 480 -3860 17536
5978 -2986 -2548 1888 -2732 14092
10055 -2283 -2798 3076 1100 10144
13521 -1033 -2374 5872 7780 6636
12074 664 -1703 7736 14100 2316
6176 2800 161 4176 24448 548
-5474 3389 621 1932 25340 2196
-20664 3161 -1706 -3496 16100 8692
-29490 616 -4597 -8588 4 18796
-25619 -2510 -6295 -8176 -20916 28108
-10441 -6774 -5254 -8744 -29404 32767
6404 -10040 -3477 -5232 -29192 27496
21684 -11466 -2270 420 -16900 17920
30240 -10864 313 4600 -2244 8316
32579 -8266 2715 9564 8616 -1176
29719 -3095 3558 10512 20196 -5740
19275 2904 4711 12544 30504 -6912
5237 8061 3201 8792 29100 -5420
-8819 10469 179 4148 25052 -1940
-19440 10543 -2519 112 15924 1900
-23734 7444 -3871 -2808 7388 8352
-24104 4270 -3683 -2556 -28 14348
-20941 2331 -3633 -2908 -8804 21192
-14203 -181 -3779 -5364 -15380 28304
-6104 -2663 -3634 -3420 -20404 32360
6377 -3283 -1668 -1740 -19040 27960
17975 -2894 -374 1040 -7064 19800
22588 -2287 936 2372 7256 11024
18467 -1125 848 3832 19536 3784
10202 837 -754 4580 28308 -2316
-2063 2529 -1918 5380 31520 -6484
-14628 4510 -1198 5868 26492 -7112
-23040 5751 -514 4452 17312 -4704
-27037 6287 -281 2908 5484 2068
-28243 6371 -1204 -1536 -4788 11696
-26712 5298 -2379 -6720 -19848 22348
-16101 2949 -2798 -6448 -32768 29960
2080 1029 -828 -6548 -29440 31348
16059 -1203 271 -4880 -17372 26732
23385 -2844 1593 -4924 -6480 23216
27593 -5113 3483 -3428 -464 16548
29470 -6677 4250 -1556 4920 7756
27230 -8850 2752 344 14876 576
20162 -9164 1888 3288 19504 -3908
9796 -7571 1369 7460 28000 -5704
-2054 -4621 1251 8004 28104 -5624
-14136 182 2612 10180 26656 -6776
-26194 4776 2639 7888 20340 -3960
-32768 8170 1107 3424 9476 1588
-32768 8358 -1486 -2428 -5948 10472
-32768 7463 -1671 -4100 -20296 20456
-22563 6814 -571 -3720 -32060 28324
-2936 6401 1769 -4160 -29236 32767
12530 4217 1159 -4420 -25324 26832
22107 2040 1213 -6360 -10172 25416
26235 -2454 1909 -6992 -3088 20272
28673 -7146 2278 -4832 1332 14316
30073 -11153 1869 -3948 8240 7388
27920 -13881 1659 -1000 15928 140
21041 -13755 1101 5636 23120 -5760
10785 -9826 826 10768 28896 -8352
-2396 -3382 1284 12844 31540 -9072
-15691 3857 2794 12464 28064 -9072
-28031 10089 3062 9036 22208 -6808
-32768 10959 322 340 10392 -560
-32768 8657 -3010 -5512 -7764 9460
-32768 4820 -3737 -6268 -25488 21492
-22080 3210 -1661 -6608 -23244 32767
-10364 689 -252 -1284 -32768 28276
6634 681 -273 -768 -32696 25760
23078 -19 -87 -2480 -22236 22412
32767 -2639 919 -1972 -7332 14428
32767 -3980 2257 -600 8248 8096
32767 -4112 2431 492 16544 2136
27095 -3978 2006 3576 22720 -1680
18114 -2883 1099 6112 29284 -4460
4577 -1223 980 8104 32767 -5784
-12266 1048 820 7352 32016 -5264
-26457 2434 297 4448 22756 -2948
