-826 -192 321 928 4604 14380
-858 62 201 1520 4928 13804
-770 844 7 656 4968 14104
-850 699 40 684 4928 14076
-866 747 88 796 4804 13928
-832 701 90 1404 4720 13908
-905 -255 365 -156 8000 12044
-1134 624 -147 3220 3340 13464
-1201 -21 -86 1884 4980 14192
-1155 -423 313 -176 4516 13924
-964 -536 324 -124 3140 14328
-615 -823 614 1108 3980 14236
-490 -938 535 1836 4656 14028
-264 -598 377 2200 5520 13604
-660 912 -118 1832 6148 13948
-921 1935 -306 1504 6156 13996
-1321 2545 -634 1056 5216 14072
-1069 3296 -931 -1064 4708 13512
-976 2172 -301 1636 3968 14116
-783 1637 -485 12 4324 14132
-680 1061 -45 1072 4924 14216
-710 1345 -233 500 5508 14468
-990 1651 -378 904 5416 14120
-1295 1782 -231 1268 4900 13908
-1347 1532 -298 1044 4628 14060
-1263 1280 -234 376 4572 13740
-1172 1361 -165 172 4448 14372
-1028 1067 -90 136 4516 14392
-1002 867 -48 88 4572 14272
-977 774 -58 528 4740 14172
-930 520 251 1484 4960 13688
-958 574 -44 924 5112 13836
-970 575 -50 136 4756 14308
-1828 -1782 -293 3220 9272 14396
-2566 418 -194 -1604 5812 14688
-2167 -11 788 -968 3872 14096
-1683 -197 1339 1164 2728 13400
-1235 284 1501 764 2372 13916
-852 94 1463 1320 3440 14972
-750 371 1089 1644 5576 14848
-1173 242 458 1788 6344 14080
-1710 614 107 504 6592 13656
-2043 257 47 -592 5636 14472
-2081 -1 399 -168 4700 14792
-1973 73 526 776 4348 13312
-1695 231 1134 1356 4040 14068
-1506 229 1436 1408 3888 14216
-1519 339 1879 1212 4040 14312
-1004 621 2249 420 4444 14096
-796 512 2468 112 4856 13736
-886 599 2604 128 4896 14272
-845 584 2730 128 4680 14392
-896 547 2717 616 4780 14180
-998 601 2688 852 4740 14264
-1095 710 2518 880 4784 14444
-1181 686 2422 836 5060 13956
-1414 671 2095 2156 5204 14676
-1604 874 1852 112 4620 14760
-1588 685 1747 -124 3816 13964
-1284 580 1809 -800 3232 13772
-1069 497 2027 -456 2700 14352
-605 410 2049 16 2804 14868
-383 336 1466 456 3284 14124
-235 273 1097 720 3224 14644
-128 280 749 456 3396 14572
-54 154 422 172 3588 14116
-36 82 187 -336 4140 14856
-50 -100 92 -268 4336 14388
120 -137 302 176 4080 14156
191 -61 115 944 4212 14240
232 104 58 1296 5032 14024
104 228 115 1344 5688 14184
-157 292 20 356 6104 13968
-411 275 85 416 5912 14056
-663 353 173 1064 6300 14236
-925 540 122 2096 6172 14328
-1131 554 243 1356 5928 13732
-1326 810 383 -388 5588 14260
-1362 478 546 -292 5080 14508
-1426 330 539 -1232 4708 14212
-1583 108 178 -548 4856 14176
-1701 -93 -279 252 5280 14836
-1931 110 -193 1788 4368 13852
-1842 141 -207 1684 4316 13948
-1684 215 -20 800 4468 14240
-1669 175 -9 296 4632 14556
-1639 110 -21 -256 4444 13940
-1661 52 -122 464 3980 14312
-1542 44 -109 548 3464 14364
-1326 -3 -97 84 3448 14432
-1109 -188 -119 -280 4080 14572
-978 -395 -11 196 3432 14280
-794 -399 -460 -168 3368 14384
-746 -502 -758 164 3452 14524
-712 -549 -1233 -92 3720 14300
-762 -732 -1540 236 3520 14396
-667 -872 -2165 -64 3420 14452
-621 -988 -2977 248 3484 14660
-552 -1077 -3294 1088 4332 14296
-671 -895 -3211 2520 5444 13896
-661 -761 -2670 1852 5704 13660
-487 -476 -1958 428 5744 13560
-293 -378 -1196 -720 5796 13796
-297 -430 -747 172 6048 14400
-534 -472 35 2016 6108 14728
-1271 101 168 1816 4576 14136
-1002 320 62 1212 3852 14232
-868 404 -46 720 4500 13940
-961 502 -42 580 5012 14428
-1088 575 242 -396 5244 14272
-1264 519 37 -568 4296 14084
-1202 386 105 888 3736 14568
-923 430 155 1876 4156 14400
-947 1079 -234 88 5088 14256
-1207 903 85 236 5752 14092
-1294 1068 395 -848 3452 14708
-906 566 709 1228 3788 14276
-725 597 820 388 4300 14064
-575 494 1021 -256 4424 13528
-339 221 827 652 3696 13520
-274 489 1146 2272 4116 14236
-126 793 1296 1204 3888 14780
438 471 979 -964 3384 13568
830 -109 757 1212 4420 13396
411 394 692 1236 5484 14912
-13 495 380 -1068 5112 15280
-39 -49 4 -1300 4936 13488
-184 -498 -96 1196 6004 13564
-918 345 33 848 6156 15312
-1256 341 111 -836 4780 14904
-1087 -63 115 -608 4368 13240
-1086 -97 336 1884 4828 13656
-1233 424 491 988 3748 15484
-957 332 533 -20 3484 14548
-721 225 487 -400 3456 13060
-353 -14 214 528 4172 13940
-448 196 157 1416 4576 14964
-451 218 9 -356 4008 14572
-74 -135 -301 -284 3896 13180
12 -319 -429 1532 5364 13644
-357 120 -384 956 5528 15028
-400 82 -469 -1276 4660 14452
-225 -528 -669 80 5104 13292
-272 -205 -690 2020 5568 13992
-728 143 -599 -528 4908 14792
-643 -358 -665 -412 4604 14264
-602 -400 -805 1392 4824 13428
-700 -106 -837 992 4796 13872
-668 -111 -867 -164 4488 14768
-515 -382 -965 -4 4488 14052
-458 -474 -1170 1192 4940 13612
-587 -193 -1302 1648 4996 14292
-557 -187 -1345 156 4872 14508
-443 -441 -1377 -912 7228 13748
-809 700 -981 -8236 10888 12716
-1274 -122 1006 224 7176 14716
-3005 -634 473 7344 1820 16336
-2370 622 -383 176 8 15264
-1734 346 -682 -108 -1940 12732
145 -28 -1524 -1404 556 14056
834 -226 -1749 -616 2132 14876
1093 -709 -2367 -732 3240 15696
1014 -1187 -3088 -904 5196 14932
-243 -1569 -4096 -344 7212 15072
-1369 -1428 -4738 -904 6712 15592
-2606 -1812 -5339 -1156 5956 14612
-3370 -1831 -6012 296 4564 14520
-3804 -1751 -6626 852 4336 15496
-4137 -1728 -6566 404 4368 15492
-4694 -2017 -6252 724 3872 15364
-4831 -2196 -6278 292 2208 15684
-4455 -2498 -6273 36 1484 15716
-3930 -2906 -6125 192 1640 16752
-3298 -3145 -5977 256 1216 17428
-2536 -3226 -5889 692 700 17780
-1335 -3119 -6427 1884 792 17680
-275 -2769 -6587 2276 1504 17544
258 -2350 -6906 2608 2220 17504
781 -1992 -6573 1656 2728 17484
1204 -1903 -6453 1052 3124 17588
1082 -1902 -6279 1372 4036 17436
833 -1706 -5786 1228 4704 17752
457 -1742 -5332 296 4956 18332
-371 -1655 -5601 -836 4024 18524
-786 -1825 -5644 -1376 2940 18564
-779 -1800 -6246 -1220 2616 18516
-1027 -2273 -6711 -1348 2604 17432
-1406 -2616 -7094 -1432 2712 16980
-1303 -2859 -7473 156 2976 15460
-1586 -2927 -7736 1260 2200 14308
-1325 -2849 -7822 1852 1084 12924
-927 -2490 -7604 2348 776 11288
-320 -1934 -7526 2944 504 10596
424 -1218 -7212 2232 648 9936
1356 -626 -6705 2312 1040 9544
2298 -235 -6135 2616 2208 9036
3087 45 -4744 2736 3432 8812
4302 811 -2674 -492 7416 9812
4770 415 -824 -880 8364 9932
4634 115 848 1168 7900 9144
4284 -361 1749 980 8080 9692
3669 -1142 2990 1204 8704 8968
3420 -1433 4197 3492 8096 7928
3501 -1120 5287 1240 8080 7732
3597 -177 3901 -7492 8728 9440
1007 700 490 -5380 20296 12584
-1330 999 2929 -1516 15484 12180
-4414 483 1716 24 10588 11320
-7315 822 859 696 9868 11228
-9158 545 495 3736 6704 10744
-10075 1496 -538 -1544 8888 15064
-11225 554 -450 -2320 7452 16336
-11941 -251 -276 2284 3564 14620
-12455 12 -751 1872 3212 14436
-13119 246 -1279 784 3304 15340
-13585 55 -1694 -592 2352 16160
-14238 -391 -1696 -96 688 17428
-13995 -865 -1778 916 -2840 18004
-13113 -975 -2012 2172 -6232 18428
-11132 -977 -2488 2672 -9132 19188
-7621 -1419 -3153 1348 -11524 20688
-3378 -1799 -3382 1080 -13836 21532
980 -2868 -3571 1268 -16208 21260
6665 -3544 -3592 1800 -17680 19744
12435 -3930 -3657 2772 -16796 17764
17622 -4216 -3759 2576 -12828 15632
22012 -4498 -3767 3276 -7852 13592
24370 -4492 -3712 3576 -3764 11536
26316 -4102 -3720 4476 72 9796
27179 -3359 -3625 4292 3896 7780
27951 -2571 -3393 2668 7208 5860
27862 -1973 -2980 1916 11848 3824
26548 -1214 -2530 2584 16388 2564
24234 -294 -2024 3688 20408 1968
20238 865 -1320 4592 23824 1688
15584 1815 -664 3352 26228 1012
10300 2353 -584 1872 28660 1044
4069 2369 -7 804 31240 1776
-2265 2015 -369 736 32200 1656
-7861 1637 -1501 428 30072 2264
-12412 930 -2610 88 25776 3096
-15796 -339 -3957 -476 20824 3636
-18417 -1591 -4303 -524 17656 4788
-20820 -2534 -4395 388 15968 5368
-22698 -3221 -4648 60 14552 5560
-24563 -4052 -4760 152 13024 5644
-26484 -4785 -4709 712 11320 6028
-28058 -5459 -4582 1620 8680 7940
-29289 -5609 -3652 2084 4704 9392
-30092 -5242 -2584 2240 628 12432
-29804 -4868 -1223 2100 -4608 15996
-28066 -4602 631 1696 -10452 19588
-25254 -3812 2282 1840 -16376 22888
-20591 -3266 3696 2180 -22784 25180
-14182 -2735 4708 2456 -26964 27240
-7028 -2505 5150 2944 -29048 28412
536 -2340 5736 2952 -28240 28440
7957 -2157 5792 2532 -25604 27276
14848 -2206 5659 2040 -21372 23844
23332 -2095 5302 1944 -12284 21296
26951 -2016 5054 2752 -7932 18172
29539 -1661 4667 3540 -2384 13872
31189 -1193 4293 3204 2484 10636
31583 -803 4030 3128 6684 8396
31465 -341 3917 2604 10488 5204
30149 38 3811 2828 13172 2800
28701 442 3627 4708 16292 -112
25755 1308 3181 5312 18896 -1588
22019 2051 2639 5416 22296 -2532
17355 2570 1995 3664 27484 -3228
10221 2609 1454 2188 32767 -3140
2032 1589 1306 -100 32767 -2948
-6840 421 1241 -472 32767 -3196
-14718 -559 1251 636 32284 -2868
-23032 -1429 1330 1128 28024 -2828
-28743 -1861 1232 1240 23784 -2620
-32768 -2087 1033 1784 19020 -1908
-32768 -2053 1014 2088 14260 -540
-32768 -2072 376 2400 8824 572
-32768 -2011 66 2852 3044 3100
-32768 -1808 45 2492 -2228 6208
-32768 -1797 477 1996 -7968 10516
-32768 -1801 1768 2568 -15640 16112
-32768 -1494 2575 5336 -23764 19544
-26453 -743 4042 6240 -27104 23940
-18953 471 5107 2676 -24824 27748
-13087 -252 5175 3964 -31320 26180
-5698 564 4583 6304 -32768 26500
4094 2071 3336 4872 -30576 27404
10950 2421 2419 3132 -26260 27132
16961 1897 1684 1692 -20852 25788
22649 1076 1275 1352 -16816 23104
26866 693 389 2176 -12492 20032
29733 362 -338 2128 -7744 17428
31920 -27 -769 1836 -3776 14580
32767 -469 -1684 1236 -284 11704
32767 -946 -2057 700 3656 9068
32767 -1407 -2670 676 8088 6792
31016 -1555 -2689 1220 14692 3608
27989 -1969 -2259 3004 19280 1196
24299 -1642 -2043 4436 24080 -408
18915 -1089 -1190 5732 28264 -1800
12552 -371 -857 6668 31156 -3108
5679 339 -518 6408 32767 -3976
-1884 1109 -654 5788 32767 -4228
-9064 2017 -395 5208 32767 -4040
-15540 2921 118 4224 31268 -3816
-21720 3447 575 3752 27028 -3660
-26525 3785 865 3400 22992 -3880
-30963 4005 1054 2060 18568 -3384
-32768 4069 1339 1440 14544 -2836
-32768 3891 1606 900 9756 -1264
-32768 3694 1936 720 4984 504
-32768 3355 2303 748 -480 2616
-32768 3110 2482 1412 -6408 5412
-32768 2906 2425 1444 -13460 9228
-32768 2831 2187 2060 -20944 13548
-32768 2673 2089 3092 -28100 18564
-25569 2652 2132 2224 -32768 25132
-17861 2215 2088 -272 -30604 28832
-9808 1977 2473 2052 -32768 29728
-1246 1703 2204 1796 -32768 27928
6896 1573 1986 1260 -28524 27084
12894 1546 2246 808 -21160 26112
17306 1329 2548 772 -16404 24348
20062 1049 2811 1216 -13756 22336
23242 983 2839 2132 -12072 20420
25421 1089 2585 2048 -10340 18640
27893 1077 2282 2268 -7732 16984
29509 926 1315 1492 -4500 14976
30964 661 680 944 -1548 12872
31739 285 0 252 2092 9728
31686 -254 -449 440 5356 7328
30989 -523 -760 1024 8664 5192
29188 -621 -956 1456 13988 3004
26362 -662 -863 2216 18684 1804
22324 -807 -603 3940 21128 -648
17465 -741 -378 4904 24432 -1272
11647 -507 -382 4316 27976 -884
5005 -696 -730 2516 31028 -1356
-2186 -1441 -773 1052 32652 -1468
-11493 -2073 -877 612 31668 -1096
-18168 -2990 -706 584 28408 -1084
-23816 -3338 -687 664 24288 -936
-32768 -4243 -1351 3188 14808 -1152
-32768 -3955 -1879 3932 10612 912
-32768 -3685 -2516 3024 5220 2100
-32768 -3566 -3138 2124 -68 3504
-32768 -3806 -3405 2404 -9404 8016
-32768 -4232 -3050 3236 -14052 11096
-32768 -4597 -2785 2608 -19200 13576
-32694 -5021 -2605 6656 -25104 17948
-27269 -3202 -1581 8104 -32396 21428
-19878 -2404 -354 6140 -32768 23536
-11984 -2317 478 3352 -32768 25500
-3894 -3583 866 2804 -31848 26304
2932 -3874 853 3780 -26304 25128
8683 -3775 1069 4864 -22384 25108
13045 -3456 1518 5308 -19552 24916
16205 -2768 2208 4840 -17248 23840
19444 -2081 2766 4960 -15336 23180
22028 -1297 3136 5768 -13028 21792
24907 -333 3155 6148 -9892 19456
27258 276 2883 5632 -6632 17540
28723 1143 2397 5188 -3084 15188
29599 1558 1871 5264 -60 13116
30013 2137 1346 5652 3176 10164
29914 3025 587 6296 6120 7724
28563 3586 231 6256 9976 5192
26156 4400 -685 5668 13516 3780
23552 4765 -1087 4984 16056 3044
20292 4850 -1413 4556 18224 1848
16639 4930 -1740 4860 20548 980
12463 4872 -1990 3976 22712 692
7166 4512 -2275 2892 24920 96
1970 3947 -2319 1388 26576 -244
-3722 3187 -2247 572 26420 -328
-9450 2418 -2049 448 25024 -332
-14232 1921 -1760 448 22756 192
-18868 1473 -1462 64 19832 212
-22112 1112 -1221 -84 16988 740
-25246 839 -957 32 14060 1288
-27646 652 -810 684 11216 2160
-29533 544 -746 740 8292 3164
-30741 461 -691 1016 5324 4380
-32047 330 -652 1324 796 6624
-32350 97 -430 1508 -4644 9044
-31613 3 -186 2372 -9624 11084
-29711 134 62 3168 -14964 14152
-27116 326 280 3200 -19796 17668
-22821 435 374 2524 -25212 21732
-17196 274 504 1712 -28524 24948
-10940 -140 726 1520 -30744 27292
-4229 -715 1136 2716 -30824 29992
2534 -301 1790 1352 -28836 29852
8573 -594 2204 952 -25036 27984
13841 -1017 2459 1432 -20804 26268
18127 -1133 2516 2696 -17324 25340
21669 -678 2521 3060 -15068 24008
25025 -161 2474 2888 -13688 22580
27996 203 2278 2600 -11676 19896
30978 504 1837 2992 -8568 17032
32767 878 1314 3464 -4456 14272
32767 1024 836 2944 -664 11628
32767 1547 374 1936 3988 8656
32767 1329 212 1644 8156 5996
32616 1264 109 1852 11864 3860
30393 660 105 2196 15132 2240
26898 262 116 2540 17816 844
23306 -212 42 2592 20300 -328
18945 -589 -49 2588 22192 -1236
14759 -993 -182 2800 24036 -1548
9867 -1234 -116 2824 25564 -1568
3650 -1417 153 2744 26976 -1844
-2166 -1372 539 2636 27256 -1628
-7602 -1535 885 2568 26752 -1740
-12443 -1177 1177 2440 25820 -1576
-17835 -964 1371 2384 23560 -912
-21842 -830 1436 2224 21348 -988
-25795 -794 1313 1548 18684 -496
-29158 -887 1043 1488 15708 708
-32156 -1100 720 1152 13224 956
-32768 -1383 342 1408 10300 1516
-32768 -1515 224 1828 6732 2772
-32768 -1484 281 2696 2636 4500
-32768 -1290 482 1832 -3500 8260
-32768 -1617 753 268 -11112 12252
-32768 -2151 1050 556 -20284 16500
-32104 -2690 1127 2264 -30008 20844
-23963 -2775 1313 3644 -32768 25052
-14707 -2857 1313 4060 -32768 28336
-6279 -3148 1605 2712 -29064 31796
-214 -3553 1802 3244 -28716 27804
6457 -3070 2018 5160 -26324 25748
11719 -1805 2341 5360 -19432 25376
14601 -982 2782 4392 -14732 25132
16962 -597 3106 3672 -11780 24220
19880 -282 3157 3468 -9904 23104
22064 -86 2877 3624 -8956 21600
24788 41 2339 3892 -7184 19868
27052 111 1493 4320 -5600 17892
28697 132 471 4484 -4008 15440
30238 215 -656 3748 -1476 13120
31478 -24 -1666 3096 956 11168
31990 -381 -2719 2780 4296 8344
31603 -779 -3414 3096 7576 6208
30432 -1119 -3598 2976 10828 4100
28043 -1526 -4119 3120 13224 2976
24931 -1767 -3976 2432 15504 2096
21807 -2012 -3608 3604 16188 2080
19119 -1483 -3120 3468 19908 1232
15365 -1702 -2369 1204 21088 548
11733 -1399 -1179 864 22504 -940
7840 -1042 -753 2860 25100 -504
3918 -133 -108 5452 25024 -792
273 1034 5 3696 23004 72
-2663 1871 1109 6472 23080 40
-5989 3162 1939 7880 23284 -432
-9476 4568 1425 8792 24596 -1352
-12737 4506 -906 2848 21756 1696
-15258 3269 -1733 1692 19008 -804
-17451 3406 -590 3348 18872 -2128
-20816 4017 -215 4588 20496 -1248
-24481 4171 -167 4060 19896 -296
-28178 4244 192 2936 18608 -156
-32110 4294 420 2392 16332 -740
-32768 4096 709 1608 10984 -1024
-32768 4115 585 -1176 6012 1500
-32768 3329 210 -1264 -500 5132
-32768 2036 -709 -2460 -4596 8128
-32768 376 -1062 -1340 -8564 11544
-32768 -493 -1122 -1232 -11360 14836
-32688 -1101 -960 -196 -14280 17720
-29626 -1374 -633 1068 -19064 20220
-25817 -1292 -303 2284 -23776 21612
-21048 -1114 43 2484 -26056 23532
-15954 -1123 608 1900 -26548 25720
-11189 -1224 1392 604 -25788 27612
-6094 -1521 2210 180 -24624 28368
-1002 -1989 2655 -296 -23284 28628
4084 -2612 2705 328 -21212 27904
8620 -3312 2800 1168 -18020 26292
12421 -3679 2262 1384 -14964 24888
16067 -3897 2130 1572 -12196 23484
18937 -4084 1996 2184 -10008 21664
21719 -4126 1941 2544 -8184 19308
24085 -4096 1944 2860 -6528 16572
26431 -3809 1711 4684 -4068 13484
27816 -3012 1428 6048 -1004 10748
28315 -2532 1006 5664 2336 8780
28316 -1858 525 4920 5032 7116
27882 -1617 2 4180 7440 5364
27028 -1403 -479 5244 10580 3620
25498 -961 -958 6520 13332 1884
23434 -172 -1399 7556 16148 536
20581 528 -1878 7452 19444 -936
16953 1642 -2353 7140 23184 -1508
12761 2300 -2639 5356 27648 -1476
7301 2543 -2534 5136 29372 -3028
1316 3327 -1996 5240 31360 -3156
-4467 3825 -1492 4812 31712 -2932
-11114 4144 -1107 4328 29864 -2316
-17143 4637 -789 4200 26524 -2176
-22256 5265 -482 3736 23032 -1728
-26428 5708 -291 2320 18948 -636
-29724 5785 -203 456 14116 760
-32355 5446 -104 -824 9096 2712
-32768 4796 -19 -776 4124 5524
-32768 3387 -97 -660 -520 8904
-32748 2390 -366 -348 -7116 12556
-30508 1370 -788 636 -14608 16812
-26810 550 -1254 368 -21436 21656
-20914 -499 -1690 924 -28440 26124
-13245 -1223 -1942 248 -32768 30600
-6539 -2642 -1415 -1828 -32768 32720
1946 -3144 -1108 360 -32768 31032
10334 -3100 -810 400 -32768 30456
18295 -3342 -563 168 -28712 28568
24767 -3635 -323 624 -22160 26144
29874 -3820 -345 964 -16776 22656
32767 -3867 -540 992 -11656 18248
32767 -3816 -737 528 -6072 15212
32767 -4006 -515 640 -840 11464
32767 -4177 -684 1408 4532 7172
32767 -4026 -606 2292 9024 4164
32767 -3730 -375 3052 13120 1720
32767 -3640 -82 4200 17804 -516
31514 -3242 115 5988 21620 -2456
27140 -2604 308 6152 24936 -3836
22450 -1885 435 6024 28152 -4116
17497 -1188 741 5912 30128 -4864
11844 -288 1200 6248 31792 -5180
5765 261 1493 6628 32672 -5576
-43 1353 1572 6132 32320 -4988
-6091 1743 1525 4608 30520 -4484
-11017 2043 1524 4172 29236 -4828
-17308 2320 1436 3004 25864 -3644
-22569 2351 1429 2428 24148 -3152
-26858 2270 1346 1820 22200 -3016
-30839 2126 1298 2120 20448 -2700
-32768 2203 1290 2244 17700 -2268
-32768 2276 1224 2212 13880 -1724
-32768 2319 1007 1716 9592 -500
-32768 2252 822 360 324 1864
-32768 2077 1161 296 -5200 3380
-32768 1882 1660 0 -13600 7952
-32768 784 1822 -296 -22132 13288
-32768 -189 2512 -1176 -32768 18732
-30191 -1507 2281 -32 -32768 24448
-20086 -2951 1810 120 -30456 32692
-13203 -4502 1621 1564 -32768 26160
-4717 -4283 1136 3188 -32768 25220
2612 -3937 881 3048 -25696 25416
7314 -4011 1274 2488 -19780 25584
10535 -4236 1549 1888 -16336 24724
13787 -4618 1725 1608 -14076 24120
16297 -4889 1814 2492 -12676 23592
19882 -5067 1477 3000 -11592 21760
23776 -5211 842 2964 -10284 19900
26787 -5590 66 3152 -7852 17656
29601 -5714 -550 3516 -5668 15220
31514 -5636 -1580 3916 -3164 11628
32767 -5302 -2351 4748 768 8460
32767 -4816 -2810 6108 4900 5456
32767 -4270 -3216 6856 8568 2596
31505 -4084 -3459 6764 12316 836
28935 -3519 -3466 6404 15224 -596
26100 -3173 -3580 7640 17540 -1872
22782 -2519 -2975 8600 20140 -2596
18722 -1639 -2630 9684 22880 -2996
14396 -293 -2064 10080 25496 -3020
9423 1008 -1644 10328 27584 -3004
4110 2274 -1244 10204 28856 -2732
-1209 3813 -571 9724 29624 -2172
-6924 5271 -246 8724 28952 -1568
-12620 6618 624 7144 27612 -1356
-17536 7443 1153 5660 24944 -768
-21968 8557 1841 4116 22272 -640
-26044 9261 2659 3472 19772 -732
-29410 9855 3469 2532 16600 208
-32768 10165 3890 1744 13300 1224
-32768 10184 4213 -144 9396 2072
-32768 9806 4351 -1688 5260 3604
-32768 9231 4577 -2732 1708 6204
-32768 8357 4817 -3600 -2324 8332
-32768 7293 4897 -2944 -8312 11600
-32768 6435 4527 -1784 -18232 13984
-32768 5800 3841 -144 -25428 19180
-26535 5367 3620 1188 -30676 24424
-17385 4567 2996 -1676 -24072 32767
-11608 1712 2935 -2976 -31088 29588
-3784 1128 1601 -1512 -32768 28000
4531 550 773 -1072 -28820 27744
10834 -136 1210 -1376 -21300 27340
15028 -889 1399 -1344 -16716 24792
18295 -1497 1568 -896 -12112 22796
20236 -1915 1694 -92 -8272 20636
21782 -2161 1830 1272 -5224 18740
23295 -2313 1652 2268 -3556 17104
24311 -2336 1188 3032 -2592 15588
25564 -2382 452 3188 -1344 13724
26375 -2438 -349 3152 536 11684
27059 -2528 -1220 3892 4552 9572
26684 -2343 -1979 4648 7704 7484
25603 -2181 -2595 4908 10404 5636
23899 -2162 -3154 4664 13020 4044
21652 -2299 -3705 4256 15044 2464
18750 -2696 -4158 4012 17632 1320
15720 -2934 -4450 4104 19960 632
11902 -2895 -4500 4672 22772 204
7810 -2587 -4324 4884 24876 416
3208 -2301 -3745 5456 27260 -56
-1936 -1219 -2884 5596 28348 -52
-9709 122 -1616 5280 27540 -752
-15348 1146 -675 4468 25684 -984
-20150 2526 575 3576 21720 -536
-26878 3164 1133 2764 19116 -428
-30037 3536 1575 1804 16344 132
-32768 3781 1864 1120 12672 352
-32768 3768 2022 1032 8980 1528
-32768 3713 2089 924 4736 2724
-32768 3447 1820 648 -1356 4684
-32768 2882 1343 -296 -7824 7964
-32768 2043 556 -1024 -15868 13164
-32768 457 -561 -488 -25596 17444
-30368 -627 -1570 380 -32768 22080
-22117 -1051 -2444 -48 -32768 27208
-12093 -2391 -2815 -2072 -32768 29992
-3787 -3376 -2232 -2936 -32768 29984
4254 -4673 -1358 -1572 -29152 28504
10658 -4965 -361 92 -23424 26664
14593 -4711 616 1616 -18232 25040
17910 -4409 1321 2260 -13748 23332
20295 -4225 1614 2244 -10752 22036
22764 -4004 1631 2996 -9088 20520
24872 -3869 1382 3244 -8104 18888
27476 -3759 964 3888 -6644 16836
29616 -3562 342 4264 -4540 14248
31024 -3373 -365 5516 -1284 11252
32045 -2827 -775 6512 2212 8620
31878 -2244 -1684 6452 5776 6292
31224 -1625 -2251 6876 8760 4268
29279 -1039 -2804 6752 11888 2664
27103 -569 -3224 6836 15044 1196
24067 -110 -3496 6732 17124 332
20826 326 -3644 6816 19320 -448
17383 874 -3664 6768 21564 -1008
13390 1420 -3452 6612 23456 -1288
9464 2117 -3118 6460 25200 -1356
4881 2717 -2689 6100 26560 -1392
351 3274 -2551 5520 27108 -1576
-4590 3932 -1868 4656 27372 -1436
-9177 4480 -1392 3356 27280 -1164
-13924 4804 -815 2212 25708 -868
-18931 4986 -172 1396 24164 -572
-23271 4978 290 500 21712 -424
-26974 4784 590 -500 19092 8
-30960 4330 783 -1204 16404 716
-32768 3778 834 -1648 12972 1492
-32768 2977 769 -1044 8960 2332
-32768 2434 537 -284 3644 3776
-32768 1941 85 -372 -2488 6844
-32768 1193 -503 -1532 -9744 11600
-32768 50 -1087 -1472 -17772 16224
-32768 -972 -1745 -212 -25632 20272
-27048 -1787 -2423 548 -31412 24348
-19533 -2403 -2562 -148 -32768 27644
-11944 -3209 -2733 -1116 -32768 29264
-4138 -3969 -2183 -952 -32704 30004
2705 -4287 -1207 -76 -28900 30008
10610 -4099 470 2252 -23464 28016
15225 -3694 1245 2704 -18952 26144
19404 -3469 1587 2196 -15052 24176
22676 -3459 1551 2524 -11976 22112
25147 -3381 1264 2668 -9688 20288
27684 -3364 739 3148 -7908 17980
30326 -3350 111 3536 -5716 15332
32167 -3320 -270 3912 -3028 12800
32767 -3244 -1090 4140 1288 10132
32767 -3116 -1458 4444 5244 7460
32524 -3025 -1730 4784 8484 5580
31225 -2873 -1953 4776 12152 3748
28716 -2834 -2150 4404 14628 2220
26139 -2829 -2366 4396 16860 1160
23449 -2798 -2317 4656 18524 156
20018 -2784 -2720 4388 20416 -692
16829 -2791 -2822 4420 21884 -1128
13284 -2693 -2754 4760 23116 -1824
9639 -2504 -2593 5244 24460 -1976
5687 -2114 -2343 5544 25712 -2252
1785 -1755 -1967 6044 26176 -2280
-2779 -839 -1492 5696 26632 -2408
-7104 -44 -909 5692 26564 -2192
-11337 865 -211 5648 26224 -1896
-15851 1716 533 5276 25220 -1328
-20211 2553 1028 4744 23788 -1148
-24156 3180 1835 4552 21812 -832
-28009 3662 2181 3728 19832 -316
-31984 3922 2375 2812 17360 60
-32768 4168 2455 2084 14032 740
-32768 4193 2389 1244 9476 1672
-32768 4141 2171 280 3988 3520
-32768 3795 1838 -52 -1180 5344
-32768 3222 1491 -8 -6880 8612
-32768 2702 1187 904 -14548 12312
-32768 2345 830 1096 -24000 18252
-31366 1730 104 1068 -30340 23000
-23220 1215 -388 816 -32768 26736
-14702 466 -758 584 -32588 28504
-7367 -594 -825 536 -30348 28436
-293 -1093 -760 452 -25960 27900
4540 -1385 -46 136 -21880 27320
8172 -1607 270 888 -17772 26644
10787 -1709 1019 884 -15076 26032
13522 -1987 1233 932 -13840 25036
16699 -2527 1181 1408 -13516 23700
21163 -2911 776 2348 -12016 22004
24398 -3135 311 3344 -10468 19236
28068 -3220 -332 3516 -7628 16152
30670 -3363 -778 3660 -4272 12904
32288 -3457 -1760 3820 -348 9792
32767 -3524 -2378 3992 3816 7336
32490 -3649 -2794 3940 7644 5192
31100 -3874 -3163 4952 9912 3336
29543 -3907 -3462 5304 12560 1692
27794 -3823 -3659 5504 14564 428
25692 -3278 -3752 5744 16280 -1012
23334 -2863 -3730 6156 18084 -2328
20948 -2191 -3556 6704 19996 -2832
17715 -1366 -3179 7428 22232 -3524
14749 -390 -2602 8056 25020 -4240
7760 1971 -1491 7996 26172 -4264
3783 3093 -776 7368 27676 -4324
-3804 5302 375 5924 27716 -3864
-8364 6340 1139 4968 27036 -3552
-15197 7390 2202 3020 24984 -2840
-19421 7734 2767 1912 23300 -2524
-22837 7832 3259 960 20928 -2012
-26584 7741 3625 152 18676 -1456
-29263 7574 3920 48 16232 -860
-32068 7249 3995 212 13656 -96
-32768 6969 3847 60 10704 800
-32768 6615 3448 64 7524 1928
-32768 6174 3053 -132 4108 3492
-32768 5681 2297 -276 1260 4864
-32768 5169 1533 -572 -3768 8092
-32768 4380 421 -576 -10464 11872
-32768 3389 -457 -52 -18524 15836
-32768 2529 -1482 216 -24984 20444
-26735 1604 -2622 -476 -29360 24860
-20423 581 -3026 -2204 -30344 27852
-13327 -682 -2771 -3800 -30532 29800
-7080 -1562 -1929 -3956 -29216 30632
-1309 -2317 -754 -2476 -27164 30256
4000 -2743 1107 -1488 -24076 29472
8655 -2809 2339 -880 -20688 28788
12515 -2831 2975 -464 -18140 27692
16473 -3060 3051 92 -16600 25812
20070 -3273 2728 724 -14420 23912
23968 -3426 2554 1764 -12148 21616
27011 -3432 1808 2472 -9604 19108
29192 -3467 1380 2956 -7372 16432
31441 -3354 864 4152 -5024 13332
32767 -2983 332 4944 -2160 10768
32767 -2517 -139 5224 832 8216
32767 -2141 -617 4760 3392 6468
32767 -2118 -1023 4772 5476 4392
32402 -2066 -1508 4728 8468 2708
31132 -2032 -1952 4568 10548 1380
29523 -2103 -2384 4016 13000 264
27424 -2210 -2771 3404 15260 -468
24948 -2529 -3089 3280 17700 -1412
22120 -2670 -3129 3168 19928 -2028
18967 -2683 -3007 3540 22216 -2624
15493 -2589 -2787 3896 24112 -2868
11384 -2550 -2491 4120 26480 -2592
5642 -1855 -1917 4764 27284 -2768
1525 -958 -1494 5900 28676 -2332
-3240 -52 -874 5792 28636 -2200
-8321 1199 -286 5372 28488 -2284
-13304 2146 393 4392 27208 -2024
-17878 2767 1122 3532 25916 -1428
-22223 3263 1773 2776 24572 -1356
-26302 3577 2481 1756 22808 -1076
-30391 3717 3225 1448 19628 -776
-32768 3874 4186 1200 17392 -1104
-32768 3840 4628 632 14228 -1016
-32768 4666 5660 292 10540 -780
-32768 5188 6242 -404 6136 -144
-32768 5629 6337 -924 796 1764
-32768 5036 5757 -1492 -5596 5012
-32768 4039 4815 -1904 -11876 9212
-32768 2547 3350 -832 -18016 13928
-32768 565 1717 832 -23052 17820
-27877 -640 -333 2680 -26344 20024
-20703 -1292 -1799 1792 -26000 21288
-14617 -2682 -3219 -32 -23928 21324
-10370 -4016 -3839 -1352 -20368 21536
-7399 -5289 -3724 -3052 -18436 22536
-5033 -6443 -2933 -3072 -18028 23552
-2486 -7460 -1924 -1960 -18296 24896
353 -7749 -1176 -916 -19244 26492
4162 -8240 -726 660 -20296 27272
8900 -8516 -1023 2440 -20344 25844
17735 -8635 -1727 3936 -17488 23028
22487 -8141 -2178 5552 -13476 20216
25731 -7273 -2526 6348 -9448 17400
28120 -6348 -2654 6568 -6428 15048
29860 -5562 -2795 7316 -4036 11960
31128 -4627 -2962 7532 -1436 10752
31574 -4078 -3175 7824 1568 9008
31456 -2908 -3501 7000 3588 7496
31241 -2367 -3788 7292 5076 5580
30965 -1647 -4139 7896 7056 3848
29788 -903 -4452 8280 9248 2400
28197 47 -4513 8364 11524 1364
26231 792 -4421 8960 14332 320
23600 1573 -4270 9060 17136 -604
19895 3048 -3925 8608 20500 -804
15786 4164 -3487 8668 23256 -552
11329 5178 -2977 7940 25324 -488
6497 6110 -2352 7068 26812 8
1402 6850 -1714 5820 27044 688
-3813 7402 -1135 4560 26556 1028
-8544 7865 -381 3280 25972 1200
-13309 8136 251 2244 24768 1236
-17575 8250 907 1304 23784 1016
-21547 8130 1634 612 22264 1024
-25363 8114 2397 -300 20304 1388
-28799 8056 3303 -580 17932 1040
-32209 8024 4037 -776 15408 1248
-32768 7894 4562 -480 11796 1272
-32768 8004 4837 -736 8348 1592
-32768 7913 4667 92 3824 3140
-32768 7684 4342 -764 -248 4764
-32768 6794 3021 -748 -4580 7236
-32768 5703 1905 -352 -8352 10024
-32768 4594 517 12 -12468 13380
-31925 3049 -909 896 -16864 15840
-27492 1447 -2132 408 -19768 17420
-23127 116 -3201 -488 -21240 19088
-18220 -1055 -4050 -1284 -20760 19728
-14574 -2711 -4511 -1716 -19672 20344
-11092 -3744 -4363 -1260 -18072 21028
-8551 -4509 -3809 -1764 -17676 21660
-6166 -5152 -2992 -2268 -18428 22452
-3649 -5759 -2274 -2780 -18464 23764
-609 -6603 -1230 -3040 -19640 24912
2710 -7420 -585 -840 -19692 25932
6195 -7846 -329 340 -20140 26132
10305 -8244 -483 984 -20776 25728
15084 -8799 -811 1568 -20588 24572
19691 -9321 -1240 2060 -18404 22548
23485 -9589 -1733 3308 -15852 20000
26482 -9440 -2371 4164 -13136 17448
28683 -8459 -3567 4628 -10564 14800
30231 -7246 -4657 5920 -6400 13060
31072 -6433 -5816 4992 -3104 11024
31372 -5368 -6761 6920 -1956 9152
31462 -3665 -7789 7980 -476 7160
31341 -2444 -8652 7616 1632 4748
30961 -1700 -9315 7116 3164 3228
30352 -1219 -9629 6792 4676 1948
29747 -1139 -9699 7696 5572 1064
28737 -968 -9585 10088 6848 -456
27586 -468 -9291 11632 8704 -1452
26220 2908 -8799 15816 8820 -6144
23930 5420 -7700 5852 14740 -5356
22859 6394 -4864 -2972 23656 -504
21641 7570 256 -2452 27568 3472
18773 7317 2404 -2696 27204 4080
14703 5396 2005 1400 24616 124
10986 4417 599 4872 19476 -3028
8359 4414 -817 7804 16060 -4588
6086 6132 -1896 10392 19620 -3148
2818 8536 -3267 4512 23248 1312
-1026 9438 -4045 1068 25040 1660
-5100 9880 -2511 -1780 26024 3332
-9175 9195 -629 -4152 26212 3968
-13521 7725 656 -4736 27328 3052
-18486 7056 1611 -4520 26748 1908
-22912 6337 2974 -5040 24768 3832
-26955 5038 3874 -5928 21848 3252
-31043 3618 4599 -5460 18424 3428
-32768 2183 4430 -5448 14720 3740
-32768 800 4074 -6164 12684 4772
-32768 -767 3844 -4580 11804 4432
-32768 -1991 3876 -2240 10200 4592
-32768 -2807 3908 -1156 5644 4800
-32768 -3433 3489 1056 916 4792
-32768 -3383 2564 2788 -2656 5928
-32768 -3363 1775 1488 -6984 8684
-32768 -3882 846 1184 -13136 11528
-32768 -4564 709 2900 -17576 13760
-32768 -4870 1613 3656 -18732 16644
-30739 -5256 3357 5184 -20368 18300
-26953 -4262 3983 6756 -24180 18272
-22385 -3215 3746 5172 -24948 18300
-17837 -2338 3572 5920 -24052 18328
-13462 -1883 2897 5040 -21076 19312
-8931 -1800 2425 4488 -19664 19804
-4891 -2286 2299 5456 -18188 19968
-1379 -2406 1708 5628 -16200 18920
1289 -2330 1205 5496 -13512 17996
3736 -2219 702 4892 -10652 17480
5311 -2244 334 4476 -8192 16480
6230 -2280 126 4544 -5884 15340
6488 -2113 -24 5232 -4200 14692
6243 -1703 -44 5400 -2812 14236
6135 -1180 4 5084 -2512 14568
5481 -656 122 4844 -2780 14696
5243 -417 148 3844 -3532 15068
5409 -423 62 4068 -4372 14900
5821 -394 -4 4692 -4740 14784
6372 -283 -760 4252 -4512 14492
6761 -577 -1213 1816 -4220 14104
6933 -1690 -1480 604 -3656 14784
7202 -1897 -1424 7624 -6124 17132
7919 -562 -1090 7108 -7916 17728
9464 -350 -1509 3324 -10040 18208
11862 -1172 -2514 3556 -16092 19104
15994 -1427 -3326 3860 -17912 19972
20681 -1710 -4188 4856 -17920 18764
24870 -1439 -5246 6348 -19380 16428
29163 -1106 -6312 4976 -17436 15464
32767 -883 -6985 4176 -15316 14596
32767 -513 -7513 3044 -13084 12868
32767 -794 -8077 1532 -10880 11180
32767 -917 -8545 1128 -7316 8292
32767 -1149 -8764 988 -4100 6436
32767 -1322 -8594 2140 -20 4796
32767 -1416 -8432 2684 4036 2992
32767 -1154 -7744 2548 7612 1668
32767 -902 -7039 3280 12320 328
32767 -543 -6013 3904 17912 -980
32767 -238 -4716 3204 22816 -924
29424 -291 -3435 2892 26052 -1684
24794 -10 -2062 2688 28336 -1832
20383 387 -929 4616 28804 -2732
15402 1115 -214 3692 29564 -2048
11051 1034 1105 2984 29040 -1868
7056 1056 2040 3144 27368 -1860
3205 1435 2344 2904 27004 -1640
-31 1617 2646 2080 24932 -1456
-2909 1532 2915 2196 23544 -660
-5388 1521 3022 1824 21976 -152
-7832 1413 3129 1688 20824 352
-9837 1337 3234 1596 20012 992
-11691 1161 3313 1484 19284 1688
-13480 952 3475 1764 19232 2156
-15484 849 3752 1968 19512 2536
-17710 877 3956 1760 19740 3160
-20322 802 4103 1564 20004 3528
-23484 642 4309 700 19624 3872
-25925 452 4629 -340 18228 4152
-28494 91 4832 -632 16348 4504
-31126 -337 4864 -876 14416 4916
-32768 -886 4677 -1048 12196 5348
-32768 -1440 4321 -396 10292 5352
-32768 -1945 3873 144 8704 5300
-32768 -2484 3413 84 6576 6344
-32768 -3303 2731 -200 1732 8744
-32768 -4382 1789 832 -5396 11792
-32768 -6372 -246 1856 -15496 16944
-29520 -8516 -2814 1436 -25720 21612
-21048 -11102 -5412 2384 -32768 22884
-11685 -12334 -8131 3908 -31380 27500
-2927 -13948 -9839 4648 -30256 28176
4283 -15519 -9532 3832 -24008 26872
10048 -16359 -9321 8004 -24964 21112
16390 -14783 -8816 13368 -20844 17044
24282 -9563 -7551 20384 -9420 12260
27147 -5332 -6180 21032 -3468 10364
28913 -1941 -5046 20576 300 7572
29691 1641 -4482 19188 3104 5760
30424 4940 -4251 18428 6840 3080
30384 7950 -4066 14852 11544 3916
30095 8734 -2414 10780 15776 3728
28635 8736 -2178 12900 14036 -164
27589 11204 -2277 15312 11876 -3308
27050 13801 -2707 15072 12308 -4044
26260 16378 -2971 12688 15264 -3580
25206 18046 -2656 9608 16688 -2560
23631 18995 -2614 7712 17588 -1740
21126 19881 -3008 5632 18496 -1784
18925 20865 -3739 4344 18896 -1408
16124 21459 -4294 2840 20296 -212
12579 21644 -4565 988 21424 304
9298 21255 -4686 -1664 21540 396
6322 20439 -4907 -2556 20888 296
3392 19704 -4674 -2864 20960 1188
939 18755 -4666 -5400 22616 2628
-2065 17707 -4983 -5916 23172 2092
-5268 17182 -4931 -3828 24752 3776
-8220 17040 -4372 -7636 24200 3936
-11304 15528 -3203 -10868 22164 2672
-13909 12924 -2068 -11588 21140 3464
-15916 10304 -1329 -12068 20588 2204
-18044 7303 -1519 -13488 20980 4172
-20172 3178 -1666 -11868 18392 4664
-21560 543 -1007 -8812 16620 5080
-23211 -1303 -876 -8040 15972 5864
-24311 -3441 -1173 -8088 14336 6196
-25235 -5817 -1703 -7892 13700 6620
-26026 -7471 -2061 -6972 13060 6572
-26674 -9396 -2835 -5336 12136 6656
-27594 -10994 -3447 -4460 10612 6256
-28005 -12452 -4237 -3780 8852 6640
-28338 -13734 -4617 -2976 9108 8120
-28690 -15456 -4368 -1508 7588 6680
-29479 -16193 -4424 -280 5796 6660
-30589 -16918 -4581 3140 3440 6876
-30996 -16648 -5112 5216 1304 8176
-30322 -16614 -5966 6340 -2636 9256
-28496 -16752 -6438 6696 -5420 10252
-26878 -16773 -6908 7216 -7664 11852
-24437 -16694 -7504 6188 -9244 13036
-22194 -16754 -8036 7208 -12140 14808
-19101 -16562 -8420 7824 -13884 15808
-15658 -16374 -8337 7600 -14100 16492
-12454 -15841 -7690 8296 -14192 17836
-8783 -15148 -6766 10196 -14772 18640
-5311 -14008 -5944 10880 -13632 18584
-1979 -12899 -5421 11716 -12200 18392
1427 -11534 -5012 12280 -10340 18076
4496 -9800 -4795 12164 -7144 17788
6480 -8670 -4844 11548 -4868 17408
8022 -7193 -4832 10804 -2824 16912
9452 -5962 -4751 10952 -1208 16108
10415 -5080 -4776 10668 752 14888
10991 -3683 -4724 10408 2556 14044
11027 -3049 -4639 10688 4468 12940
10640 -1906 -4516 10992 6808 11812
9659 -980 -4591 10908 8240 11180
8284 -125 -4351 10480 9208 10560
7091 533 -3852 9876 9932 10256
5209 1010 -3628 8704 10324 9984
3801 1242 -3365 7536 10468 9940
928 1387 -2904 7092 10204 10072
-446 1367 -2504 6848 9992 10200
-1747 1558 -1913 7056 9684 10248
-2908 1870 -1268 8264 9244 10544
-3959 2517 87 8800 8364 10448
-4724 3417 1141 8876 7168 10692
-5183 4416 2160 8836 5440 10856
-5061 5349 3032 8932 3836 11492
-4520 6352 3788 8456 2000 12060
-3401 7385 4403 8228 24 12292
-2257 8372 5251 8496 -1496 13228
-58 9617 5907 9172 -3264 13852
2132 11157 6942 9120 -4620 14004
5309 12437 7581 9104 -6264 14204
8940 13774 8169 9388 -7780 14916
12979 14633 8533 9416 -10212 15388
18507 16259 8614 10104 -13704 13616
24862 17894 8335 10624 -14016 11244
29974 19392 7776 11400 -13256 8548
32767 20950 6948 11928 -11264 6012
32767 22272 5903 11596 -9364 3656
32767 23631 4389 12212 -6716 1432
32767 24587 2479 11424 -3312 -176
32767 25646 454 8716 1704 -292
32767 25690 -2260 4348 6476 1184
32767 24480 -4361 -2232 11380 2852
32767 22104 -6350 -7652 15536 3928
32767 18472 -7380 -11112 17640 3296
31636 15119 -7788 -12036 18480 1880
29721 12089 -7776 -12628 20352 512
27863 9464 -7369 -12448 23848 -224
25089 6808 -6510 -11420 26528 -992
22090 4693 -5600 -10604 29040 -1764
19181 2326 -3622 -9820 31180 -3028
14289 997 -2117 -9560 32460 -3108
10479 -184 -607 -9248 32767 -2640
6668 -1067 705 -10688 32767 -2528
3178 -2220 1846 -12060 32192 -2896
-1003 -3316 2870 -12376 32080 -3000
-4821 -5293 3704 -12032 31672 -3016
-8217 -6903 4394 -9944 30380 -2728
-11557 -8116 4608 -7592 28740 -2272
-14813 -9253 4577 -7616 27312 -1780
-17693 -10450 4724 -6996 26456 -2500
-20747 -11132 4876 -5364 25368 -2384
-24047 -11373 5412 -4164 24224 -2164
-26970 -11549 4998 -4288 22900 -2132
-29509 -11911 4400 -4868 21268 -2112
-32065 -12428 3863 -4496 19624 -2400
-32768 -12545 3566 -4120 18512 -2308
-32768 -13381 2720 -3612 17896 -2484
-32768 -13805 2232 -2968 16404 -3004
-32768 -14435 1728 -2196 14712 -3220
-32768 -15201 875 -688 12372 -3280
-32768 -16176 -249 176 8812 -2420
-32768 -17249 -1455 1000 4664 -488
-32768 -18553 -2675 4336 -2004 40
-32768 -18615 -3805 8436 -10020 1708
-32768 -18233 -4803 11292 -16616 4396
-32768 -17025 -6068 12928 -20500 8656
-32727 -16568 -7583 15192 -24728 12772
-26727 -14450 -8338 15460 -25392 18564
-20019 -12587 -8385 15944 -28468 19964
-13147 -10281 -7599 15624 -29848 21764
-5311 -7691 -6830 15444 -30376 22672
2818 -4891 -5821 13236 -27228 26408
10196 -3387 -4866 13480 -24728 24872
16388 -1091 -4579 13012 -22560 24100
23183 628 -4506 11340 -20752 21660
29406 2443 -4490 11564 -18676 18384
32767 4570 -4296 11492 -14608 14768
32767 6218 -4330 10388 -10364 10416
32767 8355 -3835 11276 -6408 5332
32767 10007 -3786 11484 -1932 1116
32767 12117 -3659 11088 2476 -2196
32767 13562 -3800 10348 7300 -5184
32767 14638 -4274 9264 11720 -6728
32767 15070 -4713 7420 15852 -7572
32767 15003 -5410 5432 19304 -8052
32767 14530 -6061 3432 22104 -7620
32767 13900 -6258 1808 24168 -6788
29968 12958 -6493 -224 24800 -6492
25951 11528 -6795 -2132 24552 -5936
22700 10313 -6717 -3052 24428 -5688
19340 9415 -6267 -2856 24148 -5580
15878 8245 -5517 -3288 24500 -5372
13819 7474 -4738 -3412 24268 -5248
11134 6950 -3942 -3624 24236 -5140
9194 6599 -3186 -4204 24320 -5060
6749 6085 -2790 -4604 24356 -4784
4403 5815 -1815 -5036 25012 -4076
2160 5446 -1054 -5588 25012 -3436
-111 4987 -297 -6052 25000 -2984
-2378 4364 480 -6628 25024 -2068
-4869 3597 1203 -6888 24972 -1844
-7453 2727 2141 -7620 24572 -800
-9848 1562 3033 -8060 23652 0
-12146 74 4057 -8116 22596 476
-13979 -1146 4870 -8484 22256 1012
-15982 -2490 6372 -8800 22536 1180
-18088 -3901 7493 -9676 22692 1480
-20009 -5562 8488 -10000 21956 1776
-22285 -7557 9745 -9992 20532 2096
-24548 -9429 10768 -10656 19152 2556
-26117 -11747 11500 -10144 17424 3032
-27650 -13583 12067 -8748 15932 3548
-29315 -15862 13054 -7316 14844 3860
-30707 -17693 13744 -5276 11908 4560
-31616 -19683 14004 -4684 8328 5732
-32036 -21736 13881 -3036 3292 6760
-30978 -23506 13589 384 -3280 7812
-27294 -24571 13028 7516 -12332 8676
-21659 -23772 12388 11016 -16460 12572
-15247 -23195 11618 14448 -22528 12668
-7097 -21730 10223 18548 -24304 14828
1792 -19145 8448 23048 -23616 14168
11122 -15109 6457 25496 -19256 12536
18087 -11624 4781 26720 -13448 10408
23175 -7494 2678 26864 -6644 7432
26924 -3082 1106 26560 -1548 4780
29303 519 -237 25552 2908 2716
30340 3928 -1621 24488 6524 708
30741 7239 -3157 23308 9780 -1168
30357 10753 -4549 22752 13224 -2952
28915 15334 -6789 20996 16104 -3632
26759 18015 -8184 18740 18536 -3512
24499 19885 -9277 15956 21572 -3052
21095 21117 -10060 13936 24056 -2392
17084 21884 -10703 11748 25036 -1804
12862 22510 -11252 9400 25924 -1512
9367 22562 -11744 6936 25672 -1256
5710 22324 -11840 2812 25608 -1068
2636 21122 -11828 956 25440 -584
-448 20208 -11989 -192 24888 104
-2980 18540 -12019 -1628 24040 216
-5084 17376 -11810 -3184 23124 72
-6862 16105 -11581 -4440 22912 776
-8856 14572 -10842 -5800 22060 1100
-10028 13068 -10127 -6884 21484 1288
-11321 11699 -9292 -7852 21436 1744
-13220 10285 -8220 -8816 21032 2164
-14365 8784 -7296 -8892 20176 2864
-16090 7417 -6447 -9020 19040 3400
-17494 5509 -5645 -9752 17704 4244
-18552 3745 -4964 -9152 16028 4392
-19255 1947 -4255 -8176 14512 5136
-19873 131 -3642 -6932 13112 5524
-20567 -1124 -2387 -5760 12636 5884
-20743 -1980 -1662 -3776 11628 5876
-21048 -2684 -1627 -2900 9696 5640
-20970 -3351 -1924 -2740 8124 6084
-20130 -4281 -2465 -1384 7812 6404
-19613 -4768 -3055 -308 7716 7044
-19270 -5017 -3673 672 7412 7192
-19060 -5069 -4138 844 7244 7764
-19041 -5181 -4305 760 7028 8328
-19133 -5095 -4234 1128 6960 8828
-19043 -4831 -4130 1592 7124 9180
-18898 -4589 -4117 1612 6580 9316
-18757 -4397 -4220 1876 6312 9612
-18591 -4212 -4190 2056 5692 10308
-18281 -3857 -3940 2620 5100 11036
-17843 -3494 -3604 2464 4220 12144
-17386 -3250 -3323 2108 3044 12904
-16334 -3258 -2520 1788 2212 13544
-15486 -3263 -1975 1328 1732 14352
-14529 -3302 -1219 1624 620 17288
-11867 -3005 886 1148 -2892 19968
-10034 -3155 1555 452 -5884 21860
-7817 -3434 2131 868 -10560 22728
-3751 -3785 1723 1112 -15256 23188
2151 -4515 988 376 -19180 23000
8806 -5048 524 1256 -19332 22388
14601 -5336 41 2476 -16576 21236
20571 -5337 -849 3580 -11736 18676
24708 -5037 -1461 3844 -7800 16204
27462 -4718 -1723 4352 -2988 13568
29323 -4172 -1923 4368 1016 11244
30088 -3740 -1993 3824 4184 9452
30452 -3360 -2239 2436 8196 7080
29568 -3344 -2430 1852 11260 5984
28623 -3427 -2615 2232 14348 4780
26157 -3420 -2993 2472 17460 3768
23901 -3482 -3384 2696 19360 3088
21459 -3446 -3744 2596 21108 2580
18291 -3435 -4052 2756 22664 1836
15372 -3345 -4258 2992 24432 1208
12244 -3160 -4229 3232 25612 340
8426 -2836 -4074 2816 27160 -16
4674 -2791 -3813 1416 28564 -60
544 -3055 -3447 -548 29676 296
-3531 -3769 -3124 -2068 29864 696
-8358 -4748 -3069 -3080 28684 648
-12540 -5692 -2594 -3752 27504 624
-16096 -6433 -2203 -4108 26016 800
-19412 -7875 -1747 -4108 24172 836
-22025 -9178 -1353 -4292 22384 672
-25486 -10890 -999 -4172 20816 740
-28025 -12482 -835 -3820 18976 600
-30312 -13966 -733 -3304 17188 552
-32621 -15465 -543 -2092 15372 628
-32768 -16734 -79 -776 13864 840
-32768 -18317 719 1668 9780 684
-32768 -18727 1178 3852 6316 1068
-32768 -18815 1476 7088 1452 1896
-32768 -18158 1705 11256 -5860 2956
-32768 -16338 1826 15648 -13132 5704
-30982 -13623 2521 17656 -19612 10924
-21653 -9895 3826 20528 -29104 16356
-12116 -6417 4143 20356 -30588 22072
1211 -1676 4884 20272 -28124 23540
9079 2019 5473 21280 -24748 22992
15773 5176 5339 21344 -20780 21360
21394 8876 3897 19456 -16304 20288
25738 11345 2379 16596 -12612 18468
29290 13448 702 13700 -9144 16392
32336 14679 -919 11584 -6316 13720
32767 15416 -2074 9936 -3044 10784
32767 15808 -3564 8696 1204 8156
32767 15919 -4441 8308 4860 6092
32767 16012 -5213 6708 7648 3900
32767 15812 -5820 5048 11028 2088
32767 15217 -6186 3924 14676 856
32746 14577 -6528 2612 17456 136
30059 13842 -6667 1920 19324 -392
27567 13238 -6587 912 20220 -1008
24365 12603 -6560 -20 20732 -1240
21784 11822 -6677 -676 21040 -1656
19646 11247 -6676 -1972 21336 -1832
16708 10353 -6321 -2556 21744 -1560
14403 9853 -5635 -2724 21884 -1648
12266 9263 -4904 -3144 21960 -1596
9474 8595 -4132 -3920 21872 -1308
7440 8157 -3424 -4628 22300 -1184
5170 6997 -2747 -5160 22580 -840
2928 6020 -2122 -5900 22952 -384
948 4940 -1562 -6468 23148 40
-1713 3656 -942 -6660 23024 336
-3927 2385 -386 -7392 23156 708
-6036 1278 290 -7764 23516 848
-8211 -269 993 -8364 23884 1032
-10597 -1807 1491 -8836 24076 1216
-13118 -3679 1794 -9072 23592 1356
-16068 -5529 2554 -8816 23124 976
-18393 -6682 3216 -8348 23036 820
-20791 -8283 3927 -9088 23544 812
-24050 -10177 4557 -8772 22972 640
-26626 -11539 5174 -8216 22052 316
-29536 -13550 5674 -7524 20988 -268
-32768 -15330 6082 -6844 19240 -1252
-32768 -16978 6377 -5412 18144 -1992
-32768 -18450 6506 -4000 16176 -2728
-32768 -20345 6559 -1860 14328 -3084
-32768 -21625 6483 792 9940 -2868
-32768 -22665 6629 3864 5132 -2132
-32768 -22826 6871 7040 -224 -264
-32768 -21800 6916 12140 -10264 1868
-32768 -19276 6416 15156 -20108 5364
-32768 -16785 6122 17476 -29336 9152
-30526 -14647 5866 18284 -32768 12092
-22453 -12664 5015 19000 -32768 16144
-13781 -10709 4351 18960 -31844 20208
-5078 -8187 3745 19492 -27808 22544
1666 -5414 3758 21148 -23744 22460
7366 -2558 3650 22044 -19348 21600
11573 647 3179 21820 -14868 20556
14346 3153 2246 19840 -11088 20108
16504 5218 1266 17316 -9196 20004
18487 6176 -200 15200 -8540 19828
21214 7292 -1385 14540 -9612 18880
24314 8418 -2438 14388 -9880 17392
27320 9597 -3431 14624 -8996 15864
30111 10575 -4313 14544 -7136 13808
32281 11965 -5055 14008 -4756 11580
32767 12856 -5757 13224 -2628 9680
32767 13679 -6494 12012 -788 7520
32767 14516 -7224 10540 1264 4832
32767 15152 -7765 9412 2872 2756
32767 15713 -8180 8212 4872 596
32767 16227 -8516 7652 7108 -1196
32767 16418 -8816 6304 9424 -2344
32767 16940 -9079 4468 12092 -3156
32767 16833 -9302 3064 14124 -3484
31955 16428 -9508 852 16100 -3332
29617 15915 -9500 -552 17056 -3368
27019 15350 -9368 -1812 17772 -3164
23305 13625 -8659 -3624 18920 -3360
21468 12599 -7886 -4192 19348 -3064
19217 11527 -7168 -4556 19788 -2976
17475 10942 -5977 -5228 19420 -2984
15801 9825 -5055 -6412 20556 -2624
14131 8953 -4212 -6924 21044 -2700
12345 7512 -3831 -7532 21752 -2516
10743 6223 -2843 -7944 22404 -2524
8462 4912 -2151 -7716 23260 -2552
6327 3824 -1761 -7564 23572 -2232
3676 1946 -1022 -6840 23304 -2012
1096 1056 -114 -6008 23612 -2120
-824 434 351 -6188 23948 -1632
-3323 -330 889 -6040 23760 -1480
-5331 -1149 1345 -5536 23104 -1264
-7136 -1680 1757 -5064 23000 -1036
-10171 -2135 2587 -4408 23244 -804
-12005 -2426 2959 -4364 23136 -732
-13984 -2710 3372 -4132 23048 -468
-15651 -2894 3828 -3596 23132 20
-17715 -2908 4126 -3176 23052 716
-19968 -2879 4392 -2836 22332 1508
-21732 -2883 4561 -2904 21664 1448
-23303 -2900 4686 -3024 20620 2060
-24892 -2995 4856 -2996 20208 2668
-26796 -3052 4910 -2580 19180 2944
-28397 -3125 5060 -2344 17840 3096
-29902 -3154 5226 -2204 16716 3748
-31375 -3236 5368 -2668 15384 4304
-32768 -3809 5328 -3520 13756 5332
-32768 -4648 5177 -3900 11000 5800
-32768 -6256 4733 -4020 7248 6528
-32768 -8093 3927 -3696 3900 7288
-32768 -10063 2893 -3036 456 8684
-31081 -12472 1730 -1336 -3500 9848
-28616 -14755 -34 400 -6872 11008
-25464 -16454 -2009 2092 -9492 12160
-21447 -17544 -3187 4584 -10988 13344
-16485 -17992 -3558 6820 -11528 14908
-12169 -17527 -3464 8820 -11748 15656
-7665 -16613 -3053 11428 -11752 16404
-3255 -14348 -2292 12896 -11460 17236
1786 -12275 -624 15036 -11964 16856
6330 -9420 646 17068 -11792 16992
11198 -6136 1560 18892 -11508 16028
16419 -1824 2540 20584 -9780 14712
20743 2076 2759 20276 -7928 13008
24901 5949 2789 19520 -5680 10476
28229 9695 1985 18676 -3784 7608
31198 12762 1507 18080 -772 4760
32767 15511 476 17304 2532 2684
32767 18354 -1583 13696 8112 1668
32767 19488 -3135 10080 12140 2300
31117 19489 -4688 5892 15576 2764
29061 18343 -5986 1668 18628 3564
25885 16198 -7225 -2400 21368 4092
22907 13764 -8132 -5164 23544 3864
19532 9805 -8636 -8276 26072 3480
15178 6903 -8546 -10232 27488 3184
12260 3412 -8091 -11512 28152 2656
8793 542 -7343 -12252 28656 2164
5919 -2160 -6508 -12780 28956 1988
3214 -4795 -5468 -12880 29068 1548
-192 -7243 -4204 -12576 28924 1336
-3037 -9657 -3315 -12296 28516 1212
-5745 -11978 -1874 -11688 27780 824
-8924 -14045 -843 -11064 27240 424
-11977 -16060 94 -10232 26548 -20
-15288 -18131 883 -8380 24980 -828
-18057 -20047 1192 -7500 22968 -1560
-20946 -22015 1727 -6180 21272 -1956
-23572 -23535 2442 -3952 19372 -2588
-26552 -24687 3308 -1800 17988 -3136
-29032 -25289 4047 -116 16500 -3652
-31530 -25828 4694 1896 14916 -3464
-32768 -25467 5436 4204 13412 -3384
-32768 -24794 6391 6620 11012 -2652
-32768 -23555 7373 9080 8836 -2164
-32768 -21871 8143 11744 5132 -2004
-32768 -19542 8640 13892 -480 -1104
-32768 -16487 8741 17276 -5880 896
-32757 -12986 9058 18020 -10764 3664
-27424 -9859 9174 17672 -14500 6884
-22224 -7509 9133 16972 -14988 11164
-16357 -5566 9155 16652 -15560 13640
-10418 -3046 8823 16960 -15928 14832
-3568 224 8627 18492 -13420 15696
1571 3163 8401 18880 -10212 15360
5405 6015 8123 19616 -6660 15068
7979 8692 7559 19072 -3952 14984
9859 11186 6907 17688 -2124 14988
10989 12608 5485 15876 -1448 15252
12139 13761 4292 13972 -532 15296
13302 14637 2413 11100 1616 15336
14103 14767 1530 9700 3036 15052
14378 14556 486 8100 4320 14760
14484 14048 -540 6648 4764 14824
14559 13381 -1585 5024 5000 14504
14786 12516 -2604 3800 4992 14540
14877 11447 -3611 2116 4780 14240
15564 10196 -4781 840 5312 13792
16023 8742 -5543 -32 6176 13212
16148 7479 -6144 -708 7608 12364
15973 6182 -6525 -792 9004 11264
15847 4953 -6626 -1204 10548 10720
15090 3749 -6558 -976 11852 9776
13732 2723 -6283 -448 13580 9288
12106 1694 -5736 -572 14656 8572
10359 661 -5019 -432 15412 8092
8595 -109 -4235 344 16160 7392
6734 -795 -3469 928 16444 7076
4912 -1237 -2734 1484 16812 6744
3098 -1586 -1924 1804 16244 6636
1617 -1934 -1145 2276 15684 6196
438 -2135 -476 2496 15124 6080
-607 -2326 184 2896 14644 6116
-1672 -2406 806 2992 14488 6200
-2503 -2427 1309 3108 14204 6328
-3369 -2431 1729 3336 14088 6456
-4337 -2544 1793 3096 14304 6944
-5197 -2062 2341 3008 14276 6744
-6199 -2060 2535 2688 14768 7036
-7378 -2384 2675 2472 15216 7316
-8511 -2547 2855 2412 15624 7420
-10333 -2651 2824 2896 16340 7384
-11971 -2629 3400 3052 16696 7268
-13758 -2515 3837 3312 17268 7236
-15618 -2391 4289 3388 17728 6908
-17961 -2230 4819 3428 18124 6592
-20496 -2053 5347 3360 17952 6168
-23336 -2382 5817 3476 17740 6044
-26142 -2616 6164 3316 17088 5596
-29318 -3063 6757 3328 15728 5060
-32507 -3148 7302 4088 14544 4504
-32768 -3234 7704 4272 11480 4144
-32768 -3274 8465 3916 7424 4120
-32768 -3619 8654 4880 2516 4104
-32768 -3074 8705 5604 -2604 5212
-32768 -2653 8527 6512 -7008 6772
-32768 -1702 8415 8432 -12044 8948
-32341 -575 7870 9924 -17316 13288
-26922 92 7459 9600 -19360 18136
-21759 565 6260 9016 -22244 19436
-15636 -235 4474 10008 -24280 18580
-9879 907 2490 7208 -24492 20296
-3164 956 1307 6908 -22532 21192
2405 804 486 7644 -18084 22052
6336 1019 333 7212 -15740 20976
8759 1008 254 7224 -13948 20048
11259 848 -530 6408 -12360 19884
12983 280 -1947 4840 -11460 20248
14769 -874 -3493 3848 -11748 20008
16652 -2053 -5103 2964 -11712 19048
18992 -3754 -6464 2316 -10968 17688
21604 -5183 -8351 936 -9808 16392
23889 -7416 -9811 -360 -8784 15252
25943 -8966 -10863 -988 -6496 13244
27600 -10534 -11344 -960 -4228 11980
28811 -11781 -11349 -308 -1224 10460
29543 -12984 -10835 260 1816 8524
30016 -13741 -10292 2720 2868 5996
30248 -13824 -9499 4680 4564 4980
30246 -13454 -8306 9056 7068 3792
29309 -11902 -6933 12020 9728 2872
27924 -9953 -5836 14108 11312 2448
26590 -7199 -4401 15764 12416 2160
24639 -4464 -3484 16032 12728 2112
23504 -2020 -2881 15912 13036 1348
21599 1501 -2277 16476 13588 548
20415 4109 -2004 16864 14408 912
18630 7411 -1461 16816 14900 672
17255 10196 -1403 16088 14600 620
15867 12732 -1741 14600 14632 632
15025 14831 -2091 13612 14608 528
13946 16788 -2380 12532 15116 544
12876 18574 -2761 11300 15792 672
11702 20201 -3160 10132 16468 1004
10345 21391 -3708 8824 16968 1276
9001 22306 -4114 6716 17240 1572
7627 22742 -5221 4512 17572 1692
6406 22571 -6092 2212 17520 2036
5080 22263 -6570 -304 17596 2304
3567 21231 -6704 -1068 18900 2812
1645 20286 -6433 -1320 19480 3104
-75 19527 -6089 -2876 19472 3392
-1357 18442 -5833 -4844 19972 3692
-3028 17122 -5836 -6296 20160 4420
-4348 14894 -6078 -6732 19800 4736
-5138 12827 -6375 -7264 19376 5188
-6155 10520 -6636 -8960 18128 5276
-7887 6795 -6229 -9576 18160 5808
-9378 2283 -5640 -9988 17736 6216
-10374 -858 -5403 -10644 17540 6356
-11275 -3854 -5187 -10168 17436 6896
-12972 -6824 -4722 -10776 17380 6576
-14232 -9684 -4178 -10088 16844 6296
-15430 -12244 -3645 -9568 16744 5748
-16887 -14575 -2944 -8236 17204 5584
-18644 -16498 -1917 -5912 17596 4820
-20658 -18117 -691 -4184 17108 3936
-22637 -19306 424 -2896 16372 3132
-24344 -20210 1250 -1060 15768 2064
-26386 -20825 1918 716 15004 1756
-28817 -21208 2303 2396 14120 1352
-30947 -21009 2610 3980 12848 1192
-32768 -21145 2774 5288 11212 784
-32768 -20894 2923 6436 9724 904
-32768 -20452 3126 8052 6692 784
-32768 -19707 3419 9952 2352 2028
-32768 -18553 3912 12484 -2940 3372
-32768 -17104 3981 13616 -9384 5412
-32768 -15097 3720 15824 -17148 8388
-30260 -13268 3368 16448 -22996 12208
-24031 -11077 3405 16972 -27432 16464
-16366 -9530 3238 15816 -31120 19576
-7445 -8260 2894 15372 -31296 22480
1281 -6836 2604 15544 -28236 23908
9669 -4450 2408 16196 -23468 23436
15889 -2097 2245 17524 -18284 21976
20797 500 1968 18812 -13008 19696
24310 3076 1711 19128 -8488 18012
26145 5988 1150 18208 -5560 16096
27964 8258 349 16444 -4016 14240
29911 10444 -383 15116 -2356 12132
30983 11756 -1109 13696 -1264 10372
32348 12894 -1829 12972 540 8188
32767 13788 -2499 12932 2772 6616
32767 14682 -3055 12412 4764 5000
32723 15578 -3483 11540 7380 3332
31804 15939 -3992 9796 9872 2464
30284 16244 -4569 8264 11764 2396
28293 16273 -5016 7052 13328 2648
26546 16178 -5543 6036 14160 2280
24129 16185 -5990 4784 15108 2268
22067 15905 -6360 3528 15944 2244
20074 15468 -6579 2136 16776 2356
18403 14958 -6628 700 17596 2372
15770 14323 -6787 -700 17868 2468
14414 13256 -6903 -1700 18004 2192
12697 12375 -6361 -2656 18916 2136
11088 11290 -5941 -3724 19728 2216
9704 10321 -5459 -4700 20356 1932
7934 9193 -5120 -5668 21592 2112
5485 7265 -4319 -6764 22416 2328
3245 5209 -3762 -7712 23504 2880
598 3159 -3235 -8924 24064 2948
-1921 905 -2659 -9596 24592 3316
-4754 -1530 -2069 -9840 24352 3164
-7370 -3829 -1589 -9856 24364 3284
-9968 -6013 -1278 -9712 24136 2936
-12361 -7965 -357 -9628 24016 2816
-15305 -12181 982 -8692 22952 2056
-20389 -13999 1618 -7864 21700 1652
-22618 -15719 2201 -7108 20896 1200
-25598 -17356 2840 -5676 19856 884
-28098 -18769 3403 -4764 18664 388
-30486 -20111 3804 -3220 17388 -384
-32768 -21028 4037 -1724 15740 -924
-32768 -22164 4184 -136 13764 -1572
-32768 -22815 4320 2216 11284 -1692
-32768 -23095 4346 4156 8680 -1580
-32768 -22996 4176 6476 4848 -1136
-32768 -22442 3969 8368 120 260
-32768 -21686 3488 10492 -5036 1616
-32768 -20581 3228 12484 -11040 3580
-32768 -19211 3171 13772 -16584 6024
-31505 -17898 3123 15408 -19652 9172
-26405 -15868 2979 17552 -22560 11872
-20324 -13337 3160 17764 -23352 15200
-14091 -11195 3385 18380 -22724 17860
-8574 -8277 3751 18952 -20740 19644
-2998 -5515 4127 19432 -18672 20640
1628 -3054 4290 19748 -16864 20584
5754 -128 4103 19364 -14304 20472
9761 2526 3708 18688 -12248 19992
12856 4725 3104 17276 -10140 19612
16301 6194 2461 16232 -8724 18672
18618 7843 1809 15636 -7968 17800
20960 9163 1157 15828 -7744 16924
23497 10768 523 15832 -6936 15208
26022 12065 -42 15448 -5576 13608
28078 13918 -263 14844 -2456 11252
30114 15107 -1165 13124 -912 9312
30971 16131 -1538 11608 1124 7776
31410 16931 -2573 10048 2612 6288
31399 17234 -3296 8436 4828 5128
30875 17285 -4200 6932 6584 4160
30010 16953 -5071 5196 8412 3528
28961 16557 -5618 4004 10220 2732
27717 16019 -5950 3004 12420 2220
26151 15241 -6211 1344 13888 2000
23935 14305 -6390 -164 15388 1324
21891 12911 -6435 -904 16536 1372
20035 11860 -6401 -1444 17300 1044
18386 10893 -6274 -1992 18248 1192
16105 9970 -5957 -2368 18940 784
14124 8716 -5544 -2580 19556 820
12282 7684 -5079 -3020 20128 1016
10137 6796 -4414 -3028 20552 920
8447 5925 -3764 -3416 21356 1152
6026 5002 -3029 -3708 21908 1168
3856 4027 -2312 -4064 22476 1096
1446 2919 -1510 -4220 23076 1720
-833 1902 -779 -4140 23720 1296
-3452 1256 -90 -4164 24280 1720
-5734 159 582 -4180 24028 2148
-8546 -899 1218 -4240 23984 1916
-11090 -1287 1763 -3984 23364 1960
-13840 -2344 2277 -4220 23412 1552
-17994 -3473 2797 -5280 24712 2432
-21840 -4678 3178 -5872 24780 2332
-25660 -6506 3468 -5980 23572 2420
-29313 -8166 3614 -5200 22308 1912
-32439 -9541 3716 -4584 20400 1264
-32768 -10951 3674 -3904 19104 1076
-32768 -12520 3521 -3136 17212 952
-32768 -14239 3394 -2188 14492 524
-32768 -15545 3262 -984 11344 92
-32768 -17151 2861 1936 6192 -272
-32768 -17578 2290 4460 1904 -228
-32768 -17536 968 7008 -3796 1400
-32768 -16824 312 8568 -11388 3832
-32768 -16321 94 10472 -19440 6820
-32768 -15656 34 13436 -25476 9600
-31702 -13741 -139 14328 -28512 14000
-24801 -11816 137 13988 -28868 17444
-17684 -9839 882 13904 -28160 21060
-10206 -7615 1830 14280 -25676 22068
-4291 -5636 2877 13988 -22404 22464
924 -3912 3243 12516 -18904 22152
4902 -2795 3157 12744 -14920 20816
8131 -1448 2769 11248 -10616 20412
9986 -1019 2193 9980 -7368 19096
11657 -432 1545 8300 -4980 18144
12504 -490 1123 7288 -3280 17384
12995 -750 776 6748 -1668 16376
13252 -1084 606 6448 -904 15744
13470 -1415 548 6984 -488 15240
13712 -1703 766 7184 -396 15016
13844 -1940 293 7548 -900 14780
14328 -1808 -13 7872 -2552 14348
15109 -2070 -559 8052 -4176 13476
17080 -1904 -1154 8420 -5412 13080
19005 -1782 -1542 8628 -6008 12752
21041 -1060 -2763 10412 -6568 11600
23461 -540 -3200 7984 -5096 11816
25719 -252 -3434 9560 -4152 9384
27349 435 -3943 9832 -2656 8356
28814 1034 -4127 9804 -488 6956
29912 2213 -4073 10340 2036 5612
30420 3169 -3843 10472 4584 4040
30715 4205 -3433 10528 7276 2540
29844 5009 -3290 10532 9576 1504
28789 5776 -3134 10688 11700 1192
27597 6297 -3095 9900 13000 740
26330 6861 -3060 9824 14664 764
24372 7510 -3039 9144 16072 472
22411 7956 -3217 8868 17212 156
20357 8366 -3444 8148 18380 276
18380 8812 -3714 7796 19032 376
15685 9333 -4024 7456 20116 584
13194 9946 -4322 7708 20336 844
10892 10995 -4555 7176 20464 1092
8850 11109 -4681 6748 20232 1228
6989 11986 -4679 6196 20684 1588
5149 12593 -4582 5608 20788 1984
3482 13162 -4555 4876 20960 2092
2002 13542 -4582 3320 20840 2420
-483 13532 -4601 1552 20984 3248
-2498 13342 -4621 -620 21500 4352
-5542 12768 -4482 -2344 21628 5080
-7516 11980 -4427 -3504 21684 5612
-9500 10981 -4285 -4548 21192 6156
-11510 9955 -3967 -5704 20252 6572
-13106 8280 -3696 -6792 19660 6664
-14646 6464 -3418 -7872 18452 7432
-15655 4398 -3261 -8720 16864 7784
-16785 2107 -3081 -9012 15472 8044
-17394 -143 -2925 -9252 14240 8288
-17863 -2633 -2826 -9376 13484 8396
-18415 -5488 -2765 -8892 13076 8196
-19036 -8101 -2763 -8020 12708 7828
-19774 -10278 -2738 -7264 12600 7580
-20902 -12831 -2722 -6720 12568 7260
-22170 -15327 -2726 -5808 12048 6756
-23412 -17162 -2762 -4816 11060 6540
-24445 -19123 -2773 -3408 10164 5988
-25476 -20615 -2844 -1884 9140 5656
-26445 -21880 -2962 -464 8376 5088
-27238 -22855 -3093 1744 6948 4984
-27814 -23482 -3265 3388 5576 4596
-28027 -23944 -3538 4868 3536 4468
-27943 -24111 -3732 6132 1740 4504
-27443 -24029 -3805 7856 160 5176
-26511 -23802 -3551 9552 -2224 5944
-25300 -22670 -3028 11372 -4148 7144
-23240 -21461 -2560 13124 -6200 8272
-20719 -19371 -1442 14464 -7480 9632
-17201 -17123 -300 15668 -9188 11532
-14239 -14823 745 16744 -10236 13176
-10730 -12536 1842 17480 -10852 14544
-7028 -9809 2585 17968 -10772 15376
-2898 -7624 3531 18120 -10092 16156
445 -5131 4022 17976 -9048 16540
3121 -3075 4196 18036 -8120 16440
5895 -1264 4104 18188 -7188 16448
8409 856 3726 18084 -6532 16328
10240 2792 3084 17856 -5700 16344
12484 4112 2354 17336 -5236 16020
14182 5415 1577 17404 -4940 15896
16023 6978 989 16968 -6352 15784
17992 8635 0 16888 -4188 14956
19894 9522 -470 16016 -3492 14156
21823 11111 -986 15640 -2340 12844
23479 12319 -1402 15256 -2256 11824
24892 14019 -1825 14520 -1120 10296
26508 15488 -2357 14044 -16 8772
27159 16658 -2873 12912 1464 7224
27653 18000 -3094 11760 3640 6216
27817 18764 -3809 10092 5864 5276
27138 19037 -4136 8456 7660 4716
26223 18861 -4426 6744 8884 4236
25151 18553 -4722 5600 10016 3856
24019 18409 -4976 4368 10976 3460
22803 17728 -5176 3592 11720 3252
21625 17094 -5487 2632 12568 2968
20453 16601 -5771 1328 13972 2836
18616 15410 -5899 92 15292 2764
16996 14430 -6011 -640 16592 2936
15608 13455 -5856 -1024 17892 2804
13465 12791 -5635 -1152 18860 2520
11538 11992 -5346 -1644 20008 2484
9719 10954 -4879 -1996 21052 2528
7144 10086 -4608 -2600 22300 2704
4431 9288 -3872 -3288 23324 3016
1289 8432 -3312 -4284 23816 3172
-1377 7097 -2853 -4820 23812 3244
-3650 5981 -2361 -5456 23716 3876
-6623 4708 -1936 -6104 23112 3904
-8750 3420 -1521 -6624 22612 4312
-11025 2084 -1190 -7068 21648 4516
-13106 630 -884 -7104 20500 4668
-15097 -529 -682 -7316 19604 4828
-16808 -2291 -512 -7380 18868 4968
-18529 -3818 -340 -7368 18204 4836
-19809 -5202 -217 -6932 17452 5012
-21611 -6529 -72 -6828 17088 4616
-23059 -7916 -19 -6520 16864 4496
-24900 -9290 45 -6332 16136 4332
-27271 -10825 18 -5844 15556 3912
-29578 -12348 52 -5496 14724 3524
-31903 -13641 31 -4644 13192 2884
-32768 -15417 22 -3516 11492 2616
-32768 -16763 -25 -2188 9364 2104
-32768 -17863 -90 -952 7008 2224
-32768 -18729 -221 680 3816 2284
-32768 -19543 -267 3340 -1184 2668
-32768 -19656 -908 5788 -7060 4344
-32768 -17818 -1435 11728 -20624 10924
-25242 -15206 -1136 13580 -24780 15480
-16503 -13474 -764 14932 -25928 18556
-9015 -10840 362 15116 -24560 20916
-2440 -8687 1355 15520 -21776 21836
3267 -6075 2489 15172 -18816 21164
7902 -3822 3172 15548 -14860 20604
11393 -1455 3389 15604 -11800 19972
13675 762 3023 14348 -9436 19684
15456 2265 2304 12844 -7944 19112
16945 3316 1396 11532 -6916 18464
18791 3939 423 10600 -5508 17280
20025 4366 -298 9944 -3480 16112
20814 4594 -1431 9560 -1676 15168
21205 4719 -2087 8704 -2032 14728
21967 4779 -2774 8496 -2016 14812
22685 5017 -3268 8440 -1848 13840
23319 4867 -3905 8604 -668 12592
24550 5590 -4449 8492 864 11536
24881 6047 -4912 8276 1756 10848
25160 6391 -5274 7996 2356 10200
25544 6848 -5653 8444 3356 8824
25720 7588 -5797 7888 4176 7776
25777 8325 -5881 8100 5260 6700
25733 9156 -5854 7908 5936 5788
25587 9863 -5753 7328 6988 4680
25376 10559 -5514 6756 8796 3588
24917 11146 -5292 6152 10580 2704
23988 11552 -5082 5276 12896 2376
22744 11533 -4973 4384 14460 1904
20921 11330 -4945 3744 15488 1980
19097 11480 -4821 2720 16540 1724
17184 11031 -4719 1672 17208 1848
15411 10933 -4494 952 18248 1776
13375 10456 -4304 -168 18856 2040
11568 9677 -4038 -824 19420 1340
9744 9166 -3709 -1556 20012 1700
8181 8595 -3224 -2064 20692 1712
6121 8180 -2725 -2676 21380 1560
3358 7063 -2167 -3564 22220 2124
1442 6167 -1689 -4284 22676 2340
-837 5165 -1348 -4648 23268 2640
-3434 3943 -982 -5480 22908 3092
-5720 2724 -651 -5568 22392 3320
-7451 1763 -273 -5844 21940 3700
-9599 354 82 -6460 21328 3800
-11414 -987 409 -7068 20764 3872
-12954 -2285 677 -6944 20244 3984
-14505 -3355 998 -6828 20036 3864
-16027 -4785 1036 -6724 19824 3800
-17660 -5975 1660 -6676 19920 3364
-19236 -7132 2033 -6468 19752 3232
-21431 -8150 2473 -5992 19864 2748
-23765 -8969 2979 -5832 19828 2504
-26176 -10304 3423 -5684 19708 2272
-28953 -11484 3772 -5596 18840 1580
-31821 -12331 4010 -4900 17048 896
-32768 -13721 4230 -4168 15400 396
-32768 -15027 4603 -3380 12944 -396
-32768 -16180 4216 -1532 9844 -876
-32768 -17415 3912 528 5892 -556
-32768 -18450 3519 2336 992 496
-32768 -19383 2977 4896 -4768 2260
-32768 -19670 2403 6824 -10624 5616
-32768 -19406 1786 9308 -20256 8000
-32701 -18837 1394 11024 -23764 10324
-26852 -17897 967 12672 -25608 13604
-19748 -16044 720 14132 -24904 16088
-13786 -14158 708 15508 -23092 17760
-7910 -11986 1034 17292 -20404 18708
-2693 -9141 1293 18068 -17072 19340
1947 -6063 2013 17800 -11748 19112
6293 -2334 2250 16364 -8592 19164
8136 -542 2186 15624 -5820 18852
9610 861 1859 14764 -3692 18112
10735 1965 1391 13388 -2596 17716
11515 2609 803 12936 -1852 17160
12015 3148 509 12612 -1148 16976
12365 3442 -227 12424 -1096 16976
12544 3734 -528 12424 -1072 16716
13257 3981 -1238 12396 -1572 16480
13757 4100 -1646 12576 -1936 16140
14406 4840 -2110 12528 -2320 16076
15313 5422 -2328 12700 -3324 15700
16219 5893 -3178 12404 -4036 15268
17710 6932 -3891 12108 -3892 14388
19579 8373 -4511 12028 -3836 13300
22259 10332 -5467 11092 -3184 11524
23850 11623 -6058 10164 -1700 9984
24958 12536 -6150 8980 384 8476
25690 13198 -6562 7932 2388 7128
26029 13645 -6647 6580 3980 5716
26170 13663 -6598 5236 5940 4580
26108 13498 -6433 4208 7636 3680
25277 13180 -6236 3220 9084 3484
24397 12666 -6052 2548 10800 2660
23525 12137 -5892 1724 12248 2460
21910 11562 -5800 1148 13364 1760
20421 11014 -5594 964 14436 1512
18829 10345 -5478 504 15340 1432
17324 9866 -5181 304 16404 1340
15753 9377 -4789 20 17108 1268
13947 8991 -4361 -68 17712 1148
12142 8629 -3920 -556 18688 1496
10482 8246 -3467 -1088 19252 1880
8264 7734 -2912 -1852 19660 2048
6607 7182 -2367 -2780 20224 2564
3771 6250 -2047 -3492 20408 2960
2292 5173 -1125 -4136 20548 3608
-662 4530 -704 -4340 20508 3904
-2222 3992 -305 -4596 20580 4508
-3823 3292 107 -4928 20592 4604
-5133 2717 511 -4996 20500 4976
-6878 2075 862 -5236 20132 5224
-8310 1299 1166 -5344 19772 5512
-9716 533 1415 -5332 19608 5668
-11156 -325 1613 -5236 19408 5860
-12624 -1278 1843 -5268 18800 6000
-13919 -2175 2040 -5276 18564 6248
-15223 -3150 2300 -5276 18376 6188
-16718 -3872 2499 -5316 17924 6096
-17976 -4875 2705 -5216 18160 5980
-19729 -6225 2902 -5032 18356 5772
-21877 -7293 3099 -5020 18004 5576
-23618 -8214 3247 -4892 17516 5224
-26051 -9726 3320 -4460 16388 4952
-28022 -10938 3470 -3972 15300 4620
-29916 -12108 3838 -3128 13880 4028
-31853 -13276 3521 -2400 12688 3480
-32768 -14461 3344 -1448 10728 3320
-32768 -15611 3038 -464 8668 3044
-32768 -16697 2505 1344 5984 2672
-32768 -17455 1860 3308 2676 2688
-32768 -17830 1192 5720 -1460 3444
-32768 -17809 412 7900 -5296 4380
-32768 -17291 -501 10028 -8628 5792
-32768 -16554 -1476 11864 -11640 7556
-30343 -15476 -2287 12812 -13900 9452
-26758 -13985 -2849 14268 -15944 11400
-22470 -12235 -2933 15108 -17268 13164
-17834 -9627 -2622 15596 -17352 14984
-13753 -7600 -1916 15672 -16904 16408
-9589 -4999 -1053 15392 -16544 17716
-6027 -2682 -190 14988 -16408 19292
-2191 -753 639 14648 -15980 20240
2012 1453 1257 13980 -15204 20500
5523 3176 1555 13220 -13776 20668
8463 4548 1602 12536 -12104 20364
11204 5528 1494 11668 -10368 19996
13469 6390 1244 10512 -9144 19472
15294 6963 836 10000 -7716 18948
16734 7280 363 9312 -6736 18568
17893 7336 -303 8368 -5860 18280
18703 7317 -926 8124 -6040 17776
20213 7333 -1454 7764 -6044 16936
21274 7488 -1914 7824 -5288 16232
22611 7601 -2140 7924 -4220 15624
23338 7841 -2329 8188 -3808 14716
24648 7942 -2524 8348 -3156 13848
25640 8606 -2692 8384 -2284 12372
26442 9125 -2830 8628 -776 11488
27165 9841 -2987 8456 192 9744
27785 10378 -3145 8392 1428 8516
28263 10676 -3414 7844 2612 7340
28605 11074 -3647 7288 4016 6104
28686 11277 -3870 6392 5772 4668
28469 11626 -4134 5484 7592 3584
28031 11655 -4337 4380 9072 2800
27191 11136 -4699 3196 11140 1988
26150 11030 -4932 2308 12712 1304
24961 10596 -4987 1444 14752 516
23518 9988 -4938 936 16868 544
21428 9553 -4725 336 18392 156
19313 9102 -4378 -160 19508 200
16792 8454 -4197 -1640 20484 180
14552 7641 -4090 -3172 20828 368
11794 6330 -3991 -4276 21216 428
9298 5066 -4069 -4552 21936 560
7111 3348 -4007 -4556 22516 800
4527 2296 -3743 -4652 22908 1396
1620 781 -3411 -4920 22908 1392
-648 -182 -3309 -5244 22708 1652
-2816 -795 -2708 -5464 22344 1596
-4996 -1565 -2367 -5384 22088 1748
-6841 -2463 -2016 -5352 21876 1876
-8518 -3016 -1642 -5264 21936 1864
-10707 -3550 -1231 -5444 21764 2264
-12715 -4135 -733 -5820 22128 2272
-14867 -4860 -197 -5764 21924 2336
-16989 -5456 8 -5752 21816 2444
-19275 -5900 720 -5996 21548 2328
-21946 -6874 1198 -5904 21196 2344
-24409 -7489 1605 -5760 20692 2184
-26859 -8389 1978 -5184 19932 1688
-29892 -9396 2297 -4504 18884 1236
-32460 -10415 2474 -4132 17904 996
-32768 -11607 2488 -4060 15616 664
-32768 -12803 2329 -3124 13212 464
-32768 -15036 1914 -1356 8764 960
-32768 -16307 1785 -140 4616 1460
-32768 -17277 1147 1828 -132 2380
-32768 -18063 689 4228 -5408 3612
-32768 -18510 80 5844 -9728 5252
-32768 -18566 -403 8252 -14336 7304
-32768 -18109 -840 10392 -19384 9264
-32652 -17394 -1007 11708 -24100 11664
-27173 -16490 -1017 12828 -26788 14128
-20820 -14966 -939 14264 -26940 17356
-14736 -13188 -521 15792 -26620 19948
-8538 -11134 341 16216 -24828 21636
-2252 -8740 1364 16400 -22260 22252
2851 -6882 2197 16328 -19016 22100
7700 -4212 2704 16184 -15644 21404
11546 -2229 2678 15032 -12868 20744
14614 -628 2390 13720 -10804 20216
17242 657 1852 12040 -9324 19412
19506 1372 1317 11148 -8448 18380
21578 1894 682 10680 -7004 16900
